0 2324
2325 3192
3193 3855
3856 5712
5713 6714
6715 7277
7278 7816
7817 8341
8342 9507
9508 10710
10711 11234
11235 12148
12149 13917
13918 14922
14923 16768
16859 18258
18259 19485
19486 20710
20711 22373
22374 25129
25130 28607
28608 30417
30418 33809
33810 37824
37825 40344
40345 42731
42732 44209
44210 45140
45141 47072
47073 50183
50184 51804
51805 53383
53384 55065
55066 56060
56061 56825
56826 58193
58194 61040
61041 62966
62967 64113
64114 65722
65723 66661
66662 67198
67199 69137
69138 72094
