0 2996
3064 3855
3856 5608
5609 6620
6621 7338
7339 8122
8123 9235
9236 10448
10449 11158
11159 11956
11957 13820
13821 14790
14791 16615
16616 17561
17562 18258
18259 19325
19326 20419
20420 21033
21197 24032
24033 27960
27961 29903
29904 33580
33581 37273
37274 39048
39049 41523
41524 43380
43381 44344
44345 45333
45334 46913
46914 49839
49840 51804
51805 53383
53384 55475
55476 56501
56502 58004
58005 59952
60034 62263
62264 63172
63173 64520
64521 65722
65723 66661
66662 67322
67323 69137
69138 72094
