0 2996
3064 3855
3856 6216
6217 6896
6897 7609
7610 8341
8342 9824
9825 10765
10766 11322
11323 12511
12512 13917
13918 14790
14791 16950
16951 18258
18259 19485
19486 20419
20420 20885
20886 22845
22846 25129
25130 28607
28608 31827
31828 33809
33810 37824
37825 40565
40566 42731
42732 43553
43554 44794
44795 45140
45141 46913
46914 48996
49050 50893
50894 51915
51916 54389
54390 56172
56173 58193
58194 61040
61041 62669
62670 63437
63438 64520
64521 65722
65723 66661
66662 67322
67323 69137
69138 72094
