0.000000000000000000e+00
8.000000000000000000e+00
1.500000000000000000e+01
2.200000000000000000e+01
3.100000000000000000e+01
4.200000000000000000e+01
4.900000000000000000e+01
5.700000000000000000e+01
6.500000000000000000e+01
7.200000000000000000e+01
7.800000000000000000e+01
8.500000000000000000e+01
9.800000000000000000e+01
1.090000000000000000e+02
1.170000000000000000e+02
1.240000000000000000e+02
1.290000000000000000e+02
1.350000000000000000e+02
1.440000000000000000e+02
1.580000000000000000e+02
1.720000000000000000e+02
1.800000000000000000e+02
1.870000000000000000e+02
1.980000000000000000e+02
2.080000000000000000e+02
2.150000000000000000e+02
2.230000000000000000e+02
2.310000000000000000e+02
2.360000000000000000e+02
2.450000000000000000e+02
2.560000000000000000e+02
2.660000000000000000e+02
2.770000000000000000e+02
2.850000000000000000e+02
2.920000000000000000e+02
2.980000000000000000e+02
3.050000000000000000e+02
3.130000000000000000e+02
3.180000000000000000e+02
3.250000000000000000e+02
3.360000000000000000e+02
3.460000000000000000e+02
3.520000000000000000e+02
3.650000000000000000e+02
3.750000000000000000e+02
3.830000000000000000e+02
