0 2996
3064 4651
4652 6216
6217 6953
6954 7557
7558 8172
8173 9507
9508 10540
10541 11158
11159 12148
12149 14126
14127 15034
15035 16768
16859 18258
18259 19485
19486 20599
20600 21033
21197 22845
22846 26020
26021 29024
29025 31827
31828 34378
34489 37824
37825 39937
39938 41608
41609 43553
43554 44660
44661 45463
45464 47072
47073 49839
49840 51804
51805 53383
53384 55065
55066 56386
56387 57338
57339 59952
60034 62263
62264 63343
63344 64520
64521 65722
65723 66922
66923 67719
67720 69610
69611 72094
