0 2996
3064 3509
3510 5402
5403 6519
6520 7277
7278 8122
8123 9235
9236 10200
10201 11234
11235 12148
12149 13820
13821 14790
14791 16615
16616 17432
17433 18258
18259 19325
19326 20295
20296 20882
20883 22479
22480 24709
24710 27960
27961 31040
31041 34378
34489 37824
37825 40071
40072 42731
42732 44209
44210 45031
45032 46913
46914 50183
50184 51915
51916 54739
54740 56732
56733 58471
58557 61040
61041 62723
62724 63665
63666 64520
64521 65722
65723 66661
66662 67259
67260 68822
68823 69989
69990 72094
