0 2996
3064 3855
3856 5712
5713 6896
6897 7695
7696 8341
8342 9507
9508 10448
10449 10956
10957 11322
11323 13517
13518 14790
14791 16274
16275 17281
17282 18129
18130 18258
18259 19485
19486 20885
20886 25129
25130 28607
28608 29903
29904 33809
33810 37824
37825 38675
38676 40904
40905 42731
42732 43754
43755 44660
44661 46324
46325 48996
49050 51915
51916 53538
53539 55065
55066 56172
56173 56825
56826 58004
58005 59370
59406 61040
61041 63172
63173 64726
64750 65722
65723 67198
67199 69137
69138 72094
