0 2996
3064 3855
3856 5910
5911 6714
6715 7277
7278 7816
7817 8341
8342 9507
9508 10540
10541 11234
11235 11956
11957 13643
13644 14550
14551 15766
15767 16768
16859 18258
18259 19325
19326 20419
20420 21033
21197 23478
23479 27960
27961 30417
30418 33580
33581 37010
37011 38675
38676 41391
41392 43380
43381 44660
44661 46324
46325 48996
49050 51677
51678 53383
53384 54739
54740 56172
56173 56959
56960 58193
58194 60459
60460 62263
62264 63343
63344 64940
64941 66385
66386 67099
67100 69137
69138 72094
