0 3067
3068 4651
4652 6108
6109 6896
6897 7522
7523 8172
8173 9235
9236 10448
10449 11234
11235 12148
12149 13917
13918 14790
14791 16415
16416 17561
17562 18258
18259 19325
19326 20419
20420 21033
21197 23478
23479 27039
27040 29144
29145 32106
32107 34378
34489 37824
37825 39937
39938 41739
41740 43754
43755 44794
44795 46526
46527 49380
49381 51804
51805 53686
53687 55864
55865 56732
56733 58193
58194 59952
60034 62263
62264 63172
63173 64520
64521 65722
65723 66661
66662 67259
67260 69137
69138 72094
