0 2996
3064 4074
4075 6216
6217 6896
6897 7522
7523 8172
8173 9235
9236 10448
10449 11158
11159 12148
12149 13917
13918 14790
14791 16768
16859 18258
18259 19485
19486 20539
20540 21033
21197 22845
22846 25129
25130 28607
28608 31827
31828 34113
34114 37824
37825 39937
39938 41739
41740 43553
43554 44660
44661 45333
45334 47072
47073 49380
49381 51804
51805 53383
53384 55065
55066 56501
56502 58193
58194 61040
61041 62723
62724 63437
63438 64520
64521 65722
65723 66661
66662 67322
67323 69137
69138 72094
