0 649
650 1457
1478 2996
3064 3855
3856 4800
4801 7210
7211 8341
8342 9316
9317 10132
10133 12148
12149 13517
13518 14790
14791 16615
16616 18592
18593 19325
19326 21033
21197 22479
22480 25129
25130 27039
27040 30417
30418 33084
33085 34113
34114 35374
35375 37824
37825 38675
38676 43380
43381 45140
45141 46526
46527 47072
47073 48996
49050 51677
51678 53254
53255 54739
54740 55864
55865 56959
56960 57437
57438 58193
58194 61040
61041 62263
62264 64940
64941 66468
66469 69137
69138 70553
70590 72094
