0 4960
4961 7248
7249 8241
8242 11760
11762 14970
14971 17197
17198 19038
19039 21185
21189 23210
23211 25694
25695 28322
28323 30182
30183 32438
32439 33375
33376 34909
34910 36694
36695 39928
39929 41877
41878 43584
43585 46483
46484 52389
52390 55209
55210 58435
58436 62033
62034 65768
65769 66929
66930 68871
68872 70603
70604 76293
76294 80811
80812 81832
81833 85787
85788 89187
89188 91356
91357 93456
93457 96311
96312 98420
98421 100491
100492 103120
103121 104492
104493 107187
107188 109942
109943 112837
112838 116210
116211 120026
120027 122063
122064 124324
124325 127179
127180 129575
129576 133284
133285 136096
136097 136710
136711 139058
139059 141635
141636 154866
