0 4740
4741 7331
7332 8791
8792 12439
12440 15112
15113 17487
17488 19138
19139 21185
21189 23343
23344 26140
26141 29075
29076 32438
32439 33648
33649 36403
36405 39257
39258 41877
41878 44614
44615 47878
47879 53195
53196 56082
56083 58556
58557 60875
60876 63242
63243 65411
65412 67516
67517 69592
69593 72082
72083 75081
75082 78906
78907 80964
80965 82570
82571 84839
84840 86620
86621 90292
90293 92149
92150 94192
94193 96808
96809 98669
98670 100940
100941 103120
103121 105623
105624 107678
107679 109617
109618 112208
112209 116060
116061 118902
118903 120514
120515 123283
123284 125514
125515 128494
128495 131474
131475 135041
135042 136584
136585 139634
139635 154866
