0 4960
4961 7248
7249 8408
8409 11760
11762 14970
14971 17197
17198 19038
19039 21185
21189 23210
23211 25846
25847 29075
29076 32438
32439 33475
33476 35690
35691 37983
37984 40683
40684 43332
43333 46483
46484 51593
51595 55209
55210 58435
58436 61616
61617 64300
64301 66538
66539 68523
68524 70603
70604 73609
73610 77539
77540 80811
80812 81832
81833 84610
84611 86698
86699 89521
89522 91874
91875 93971
93972 96808
96809 98571
98572 100789
100790 103120
103121 105623
105624 107834
107835 109792
109793 112208
112209 115740
115741 118902
118903 120728
120729 123283
123284 125514
125515 128494
128495 131204
131205 134301
134302 136211
136212 137192
137193 139876
139877 154866
