0 3914
3915 6824
6825 8408
8409 12360
12361 15112
15113 17738
17739 19474
19475 21710
21711 24242
24243 27339
27340 30313
30314 32438
32439 33922
33923 36439
36440 39382
39383 41877
41878 44380
44381 48206
48207 53523
53524 56809
56810 60014
60015 62515
62516 64698
64699 67230
67231 69439
69440 72013
72014 74782
74783 77678
77679 80769
80770 81528
81529 84143
84144 86131
86132 89325
89326 91749
91750 93702
93703 96653
96654 98571
98572 100741
100742 103120
103121 105623
105624 107739
107740 109792
109793 112329
112330 116210
116211 118800
118801 120468
120469 122758
122759 124949
124950 127266
127267 129881
129882 132537
132538 135041
135042 136710
136711 139634
139635 154866
