0 5898
5899 8241
8242 12439
12440 16069
16070 18507
18508 19423
19424 21710
21711 23629
23630 27339
27340 30313
30314 32438
32439 34142
34143 36686
36687 39382
39383 41877
41878 44380
44381 48206
48207 53523
53524 56809
56810 60014
60015 62625
62626 65411
65412 67880
67881 69927
69928 72043
72044 75081
75082 77623
77624 80687
80688 82121
82122 84579
84580 86254
86255 89521
89522 91956
91957 94549
94550 96821
96822 98904
98905 100832
100833 103120
103121 105833
105834 108146
108147 110249
110250 112329
112330 116060
116061 118262
118263 119553
119554 121330
121331 123365
123366 124949
124950 128494
128495 131608
131609 134727
134728 136211
136212 137642
137645 139876
139877 154866
