0 3291
3292 5898
5899 8241
8242 11760
11762 14875
14876 17197
17198 19038
19039 20690
20691 22512
22517 25694
25695 27986
27987 30670
30671 32438
32439 34302
34303 36694
36695 39772
39773 41877
41878 44614
44615 48206
48207 53706
53707 57626
57627 60192
60193 62943
62944 65411
65412 67516
67517 69717
69718 72082
72083 76689
76690 80385
80386 82121
82122 84579
84580 86569
86570 89372
89373 91874
91875 94352
94353 96887
96888 99006
99007 100999
101000 103120
103121 105777
105778 107834
107835 109942
109943 112752
112753 116404
116405 118902
118903 120316
120317 122063
122064 124452
124453 126521
126522 129168
129169 131885
131886 135041
135042 136472
136474 139058
139059 154866
