0 5730
5731 8408
8409 12495
12496 15772
15773 18127
18128 20026
20027 22324
22325 25299
25300 27986
27987 31295
31296 32943
32944 34634
34635 38263
38264 40683
40684 43297
43298 46483
46484 51593
51595 55381
55382 58435
58436 60779
60780 63121
63122 65298
65299 67328
67329 69592
69593 72082
72083 74623
74624 77539
77540 80385
80386 82570
82571 84610
84611 86296
86297 89187
89188 91749
91750 93702
93703 96821
96822 98571
98572 100205
100206 102153
102154 104492
104493 106870
106871 108146
108147 109746
109747 112208
112209 115740
115741 118023
118024 119990
119991 121610
121611 124150
124151 126253
126254 129204
129205 131955
131956 135041
135042 136710
136711 139778
139779 154866
