0 4740
4741 7590
7591 11212
11213 14970
14971 16828
16829 18507
18508 19138
19139 21185
21189 23473
23474 26284
26285 29432
29433 32438
32439 33475
33476 35690
35691 37983
37984 40683
40684 43584
43585 46874
46875 52389
52390 55960
55961 58435
58436 61084
61085 63787
63788 66538
66539 68523
68524 70603
70604 72814
72815 77030
77031 80687
80688 81661
81662 84610
84611 86698
86699 89688
89689 91956
91957 94192
94193 96808
96809 98571
98572 100741
100742 102804
102805 105623
105624 107899
107900 109792
109793 112208
112209 115740
115741 118902
118903 120728
120729 123365
123366 125477
125478 127892
127893 131204
131205 134236
134237 136211
136212 138114
138115 140789
140793 154866
