0 4960
4961 7447
7448 9228
9229 13442
13443 16665
16666 18995
18996 21092
21093 23145
23146 26448
26449 29432
29433 32358
32359 33648
33649 36403
36405 39257
39258 41877
41878 44380
44381 47992
47993 53523
53524 57084
57085 60095
60096 62793
62794 65411
65412 67516
67517 69759
69760 72043
72044 75167
75168 78281
78282 80769
80770 81415
81416 83410
83411 85527
85528 87676
87677 90562
90563 92149
92150 93971
93972 96653
96654 98669
98670 100832
100833 103120
103121 105689
105690 107739
107740 109792
109793 112329
112330 116210
116211 118902
118903 120468
120469 122758
122759 124949
124950 127179
127180 129575
129576 131955
131956 135041
135042 136710
136711 139634
139635 154866
