0 335
336 687
688 787
788 1060
1061 2191
2192 2362
2363 2528
2529 2607
2608 2681
2682 2805
2806 2977
2978 3175
3176 3291
3292 3351
3352 3404
3405 3485
3486 3539
3540 3592
3593 3740
3741 3914
3915 4170
4171 4231
4232 4304
4305 4321
4322 4606
4607 4740
4741 4960
4961 5035
5036 5143
5144 5308
5309 5730
5731 5898
5899 6247
6248 6378
6379 6433
6434 6447
6448 6592
6593 6619
6620 6728
6729 6770
6771 6824
6825 6861
6862 6969
6970 7084
7085 7183
7184 7248
7249 7287
7288 7331
7332 7357
7358 7386
7387 7432
7433 7447
7448 7482
7483 7520
7521 7590
7591 7652
7653 7756
7757 7922
7923 8039
8040 8102
8103 8142
8143 8178
8179 8218
8219 8241
8242 8408
8409 8488
8489 8531
8532 8578
8579 8736
8737 8791
8792 8837
8838 8969
8970 9079
9082 9228
9229 9637
9638 9897
9898 10131
10132 10168
10169 10525
10526 10751
10752 10991
10992 11136
11137 11212
11213 11364
11365 11514
11515 11558
11559 11760
11762 12181
12182 12264
12265 12360
12361 12439
12440 12489
12490 12495
12496 12632
12634 12802
12803 12836
12837 12977
12978 13246
13247 13345
13346 13347
13348 13442
13443 13654
13655 13691
13692 13749
13750 13769
13770 13979
13980 14016
14017 14056
14057 14221
14222 14359
14360 14422
14423 14493
14494 14875
14876 14970
14971 15056
15057 15112
15113 15200
15201 15252
15253 15401
15402 15472
15473 15513
15514 15772
15773 15835
15836 15935
15936 16069
16070 16136
16137 16360
16361 16421
16422 16665
16666 16828
16829 16891
16892 17006
17007 17067
17068 17103
17104 17197
17198 17366
17367 17383
17384 17487
17488 17636
17637 17738
17739 17784
17785 17831
17832 17913
17914 18077
18078 18127
18128 18155
18156 18179
18180 18424
18425 18507
18508 18624
18625 18709
18710 18749
18750 18810
18811 18894
18895 18962
18963 18995
18996 19038
19039 19074
19075 19138
19139 19249
19250 19295
19296 19423
19424 19474
19475 19534
19535 19656
19657 19698
19699 19701
19702 19792
19793 20026
20027 20078
20079 20149
20150 20186
20187 20239
20240 20336
20337 20583
20584 20690
20691 20713
20714 20765
20766 20810
20811 20990
20991 21092
21093 21185
21189 21285
21286 21358
21359 21459
21460 21534
21535 21597
21598 21641
21642 21710
21711 21822
21823 21962
21963 22027
22028 22170
22171 22270
22271 22324
22325 22370
22371 22512
22517 22666
22667 22727
22728 22823
22824 22862
22863 22956
22957 23145
23146 23210
23211 23343
23344 23473
23474 23551
23552 23629
23630 23727
23728 23905
23906 24002
24003 24242
24243 24455
24456 24629
24630 24795
24796 25032
25033 25090
25091 25233
25234 25299
25300 25399
25400 25694
25695 25781
25782 25846
25847 25895
25896 25956
25957 26140
26141 26284
26285 26448
26449 26791
26792 26860
26861 26910
26911 26995
26996 27047
27048 27086
27087 27150
27151 27197
27198 27339
27340 27492
27493 27560
27561 27619
27620 27709
27710 27769
27770 27986
27987 28134
28135 28266
28267 28322
28323 28371
28372 28437
28438 28587
28588 28774
28775 29075
29076 29336
29337 29432
29433 29548
29549 29830
29831 30021
30022 30182
30183 30313
30314 30496
30497 30584
30585 30670
30671 30787
30788 30938
30939 31099
31100 31178
31179 31295
31296 31432
31433 31536
31537 31623
31624 31754
31755 31792
31793 31882
31883 31910
31911 31949
31950 32005
32006 32346
32347 32358
32359 32430
32431 32438
32439 32486
32488 32525
32526 32678
32679 32713
32714 32743
32744 32800
32801 32850
32851 32866
32867 32892
32893 32943
32944 32990
32991 33029
33030 33064
33065 33113
33114 33155
33156 33276
33277 33328
33329 33375
33376 33475
33476 33537
33538 33596
33597 33648
33649 33749
33750 33922
33923 34142
34143 34238
34239 34302
34303 34347
34348 34401
34402 34439
34440 34531
34532 34567
34568 34634
34635 34747
34748 34909
34910 35114
35115 35552
35554 35690
35691 35779
35780 35821
35822 35922
35923 35957
35959 36039
36040 36107
36108 36191
36192 36403
36405 36439
36440 36543
36544 36686
36687 36694
36695 36717
36718 37684
37686 37743
37746 37825
37826 37983
37984 38263
38264 38455
38456 38546
38547 38565
38566 38628
38629 38669
38670 38800
38801 38885
38886 39025
39026 39104
39105 39179
39180 39257
39258 39382
39383 39427
39428 39473
39474 39600
39601 39772
39773 39928
39929 39983
39984 40072
40073 40222
40223 40522
40523 40683
40684 40768
40769 40859
40860 41056
41057 41108
41109 41164
41165 41250
41251 41450
41451 41494
41495 41603
41604 41676
41677 41877
41878 41962
41963 41982
41983 42060
42061 42200
42201 42217
42218 42273
42274 42348
42349 42501
42502 42535
42536 42598
42599 42640
42642 42683
42684 42974
42975 43297
43298 43332
43333 43371
43372 43476
43477 43518
43519 43584
43585 44062
44063 44261
44262 44324
44325 44380
44381 44614
44615 44794
44795 44898
44899 45038
45039 45202
45203 45272
45273 45513
45514 45569
45570 45657
45658 45739
45740 46053
46054 46165
46166 46267
46268 46483
46484 46633
46634 46770
46771 46874
46875 47068
47069 47526
47527 47776
47777 47814
47815 47878
47879 47992
47993 48206
48207 48376
48377 48554
48555 48605
48606 48649
48650 48689
48690 48801
48802 48857
48858 49324
49325 49427
49428 49552
49553 49726
49727 50024
50025 50306
50307 51089
51090 51402
51403 51593
51595 51605
51607 52317
52318 52389
52390 52395
52396 53195
53196 53470
53471 53523
53524 53630
53631 53706
53707 53814
53815 53974
53975 54052
54053 54184
54185 54393
54394 54521
54522 54591
54592 54697
54698 54840
54841 55080
55081 55209
55210 55381
55382 55574
55575 55858
55859 55960
55961 56033
56034 56082
56083 56106
56107 56254
56255 56417
56418 56512
56513 56554
56555 56640
56641 56809
56810 57084
57085 57553
57554 57626
57627 57656
57657 57715
57716 57846
57847 57878
57879 57970
57971 58002
58003 58074
58075 58131
58132 58146
58147 58152
58153 58435
58436 58556
58557 58582
58583 58909
58910 59005
59006 59062
59063 59108
59109 59227
59228 59245
59246 59292
59293 59365
59366 59442
59443 59529
59530 59549
59550 60014
60015 60095
60096 60192
60193 60239
60240 60322
60323 60591
60592 60635
60636 60706
60707 60741
60742 60779
60780 60840
60841 60875
60876 61036
61037 61084
61085 61246
61247 61278
61279 61323
61324 61525
61526 61616
61617 61664
61665 61675
61676 61714
61715 61776
61777 61817
61818 61915
61916 62033
62034 62227
62228 62396
62397 62515
62516 62550
62551 62625
62626 62793
62794 62816
62817 62890
62891 62943
62944 63059
63060 63121
63122 63179
63180 63242
63243 63288
63289 63475
63476 63546
63547 63640
63641 63717
63718 63787
63788 63886
63887 63961
63962 64041
64042 64135
64136 64300
64301 64379
64380 64460
64461 64481
64482 64554
64555 64698
64699 64820
64821 64940
64941 65093
65094 65121
65122 65178
65179 65298
65299 65381
65382 65411
65412 65640
65641 65768
65769 65827
65828 65931
65932 66044
66045 66092
66093 66138
66139 66330
66331 66483
66484 66538
66539 66688
66689 66725
66726 66769
66770 66819
66820 66867
66868 66929
66930 67067
67068 67230
67231 67328
67329 67427
67428 67462
67463 67516
67517 67590
67591 67677
67678 67703
67704 67880
67881 67957
67958 68141
68142 68303
68304 68365
68366 68447
68448 68523
68524 68618
68619 68871
68872 69056
69057 69105
69106 69193
69194 69239
69240 69280
69281 69376
69377 69439
69440 69558
69559 69592
69593 69717
69718 69759
69760 69812
69813 69927
69928 70035
70036 70217
70218 70273
70275 70313
70314 70349
70350 70453
70454 70603
70604 70774
70775 70811
70812 70974
70975 70988
70989 71187
71188 71322
71323 71390
71391 71467
71468 71629
71630 71942
71943 72013
72014 72043
72044 72082
72083 72126
72127 72173
72174 72245
72246 72384
72385 72538
72539 72649
72650 72799
72800 72814
72815 73200
73201 73357
73358 73539
73540 73579
73580 73609
73610 73716
73717 73754
73755 73775
73776 74035
74036 74081
74082 74530
74531 74623
74624 74650
74651 74782
74783 74847
74848 74958
74959 74982
74983 75081
75082 75167
75168 75468
75469 76293
76294 76394
76395 76529
76530 76689
76690 76757
76758 76889
76890 77030
77031 77064
77065 77117
77118 77162
77163 77318
77319 77373
77374 77425
77426 77539
77540 77555
77556 77585
77586 77623
77624 77678
77679 78281
78282 78521
78522 78906
78907 79043
79044 79159
79160 79282
79283 79411
79412 79603
79604 79716
79717 79792
79793 79812
79813 79937
79938 80027
80028 80052
80053 80162
80163 80202
80203 80222
80223 80235
80236 80385
80386 80489
80490 80687
80688 80769
80770 80811
80812 80845
80846 80864
80865 80895
80896 80923
80924 80957
80958 80964
80965 80988
80989 81010
81011 81026
81027 81054
81055 81076
81077 81116
81117 81175
81176 81199
81200 81235
81236 81264
81265 81297
81298 81339
81340 81379
81380 81415
81416 81455
81456 81497
81498 81528
81529 81661
81662 81832
81833 81898
81899 82055
82056 82093
82094 82121
82122 82132
82133 82472
82473 82570
82571 82585
82586 82681
82682 82720
82721 82727
82728 82792
82793 82933
82934 83306
83307 83377
83378 83410
83411 83633
83634 83701
83702 83766
83767 83812
83813 83840
83841 83902
83903 84094
84095 84143
84144 84241
84242 84359
84360 84415
84416 84579
84580 84610
84611 84669
84670 84745
84746 84839
84840 84880
84881 84932
84933 85115
85116 85167
85168 85314
85315 85381
85382 85416
85417 85527
85528 85585
85586 85606
85607 85737
85738 85787
85788 85875
85876 85992
85993 86030
86031 86048
86049 86131
86132 86194
86195 86254
86255 86296
86297 86406
86407 86453
86454 86518
86519 86569
86570 86620
86621 86698
86699 87347
87348 87428
87429 87629
87630 87676
87677 87728
87729 87818
87819 87901
87902 88113
88114 88277
88278 88326
88327 88444
88445 88538
88539 88634
88635 88818
88819 88907
88908 89093
89094 89187
89188 89325
89326 89343
89344 89372
89373 89521
89522 89615
89616 89688
89689 90003
90004 90292
90293 90442
90443 90562
90563 90576
90577 90607
90608 90692
90693 90728
90729 90745
90746 91051
91052 91096
91097 91221
91222 91237
91238 91340
91341 91356
91357 91393
91394 91494
91495 91651
91652 91692
91693 91749
91750 91783
91784 91817
91818 91874
91875 91956
91957 92149
92150 92319
92320 92337
92338 92442
92443 92503
92504 92533
92534 92717
92718 92739
92740 92813
92814 92860
92861 92899
92900 92938
92939 93103
93104 93123
93124 93154
93155 93215
93216 93267
93268 93323
93324 93419
93420 93456
93457 93515
93516 93702
93703 93815
93816 93971
93972 94192
94193 94352
94353 94399
94400 94549
94550 94614
94615 94711
94712 94932
94933 95018
95019 95127
95128 95285
95286 95428
95429 95659
95660 95825
95826 95920
95921 95970
95971 96023
96024 96060
96061 96087
96088 96169
96170 96311
96312 96380
96381 96507
96508 96582
96583 96653
96654 96808
96809 96821
96822 96857
96858 96887
96888 96946
96947 97166
97167 97276
97277 97327
97328 97361
97362 97498
97499 97511
97512 97621
97622 97639
97640 97813
97814 97834
97835 97896
97897 97957
97958 98101
98102 98103
98104 98258
98259 98339
98340 98369
98370 98390
98391 98408
98409 98420
98421 98496
98497 98571
98572 98669
98670 98751
98752 98780
98781 98827
98828 98904
98905 99006
99007 99118
99119 99220
99221 99253
99254 99338
99339 99425
99426 99513
99514 99548
99549 99643
99644 99764
99765 99856
99857 99981
99982 100017
100018 100139
100140 100164
100165 100182
100183 100205
100206 100278
100279 100327
100328 100386
100387 100491
100492 100741
100742 100789
100790 100832
100833 100940
100941 100999
101000 101102
101103 101166
101167 101239
101240 101384
101385 101452
101453 101542
101543 101569
101570 101651
101652 101657
101658 101702
101703 101766
101767 101860
101861 101931
101932 102044
102045 102153
102154 102176
102177 102240
102241 102272
102273 102328
102329 102349
102350 102424
102425 102466
102467 102804
102805 102987
102988 103120
103121 103292
103293 103398
103399 103437
103438 103545
103546 103563
103564 103713
103714 103722
103723 103858
103859 103984
103985 104019
104020 104143
104144 104238
104239 104328
104329 104492
104493 104514
104515 104552
104553 104753
104754 105055
105056 105256
105257 105375
105376 105404
105405 105519
105520 105623
105624 105689
105690 105777
105778 105833
105834 105938
105939 106004
106005 106062
106063 106118
106119 106239
106240 106372
106373 106526
106527 106614
106615 106870
106871 106940
106941 107013
107014 107082
107083 107100
107101 107125
107126 107187
107188 107234
107235 107277
107278 107311
107312 107345
107346 107425
107426 107528
107529 107571
107572 107678
107679 107739
107740 107834
107835 107899
107900 107948
107949 108120
108121 108146
108147 108207
108208 108336
108337 108385
108386 108491
108492 108502
108503 108526
108527 108568
108569 108668
108669 108695
108696 108718
108719 108786
108787 108885
108886 108920
108921 109005
109006 109099
109100 109127
109128 109265
109266 109336
109337 109484
109485 109557
109558 109617
109618 109678
109679 109746
109747 109792
109793 109942
109943 110093
110094 110118
110119 110143
110144 110249
110250 110398
110399 110425
110426 110500
110501 110521
110522 110659
110660 110847
110848 111053
111054 111090
111091 111228
111229 111314
111315 111415
111416 111549
111550 111561
111562 111695
111696 111720
111721 111851
111852 112113
112114 112128
112129 112208
112209 112329
112330 112643
112644 112752
112753 112837
112838 113000
113001 113082
113083 113314
113315 113492
113493 113587
113588 114058
114059 114211
114212 114422
114423 114572
114573 114710
114711 114861
114862 115215
115216 115305
115306 115327
115328 115342
115343 115361
115362 115426
115427 115499
115500 115740
115741 115929
115930 116060
116061 116085
116086 116210
116211 116404
116405 116455
116456 116819
116820 116944
116945 117124
117125 117250
117251 117305
117306 117332
117333 117341
117342 117410
117411 117455
117456 117494
117495 117539
117540 117580
117581 117749
117750 117806
117807 117876
117877 117931
117932 118023
118024 118262
118263 118300
118301 118450
118451 118485
118486 118596
118597 118723
118724 118800
118801 118902
118903 119003
119004 119037
119038 119123
119124 119216
119217 119237
119238 119387
119388 119406
119407 119434
119435 119518
119519 119553
119554 119596
119597 119625
119626 119648
119649 119831
119832 119894
119895 119990
119991 119994
119995 120026
120027 120107
120108 120154
120155 120231
120232 120282
120283 120299
120300 120316
120317 120358
120359 120468
120469 120514
120515 120686
120687 120728
120729 120788
120789 121111
121112 121197
121198 121330
121331 121365
121366 121390
121391 121454
121455 121481
121482 121506
121507 121546
121547 121582
121583 121610
121611 121632
121633 121672
121673 121724
121725 121861
121862 122063
122064 122137
122138 122288
122289 122638
122639 122758
122759 122855
122856 122990
122991 123143
123144 123276
123277 123283
123284 123365
123366 123418
123419 123550
123551 123624
123625 123695
123696 123737
123738 123887
123888 123890
123891 123954
123955 124129
124130 124150
124151 124197
124198 124304
124305 124324
124325 124353
124354 124428
124429 124438
124439 124452
124453 124545
124546 124709
124710 124722
124723 124728
124729 124949
124950 125110
125111 125259
125260 125369
125370 125413
125414 125477
125478 125514
125515 125569
125570 125670
125671 125796
125797 125908
125909 125951
125952 126048
126049 126078
126079 126253
126254 126315
126316 126362
126363 126404
126405 126464
126465 126521
126522 126598
126599 126798
126799 126949
126950 127068
127069 127179
127180 127214
127215 127266
127267 127306
127307 127511
127512 127571
127572 127732
127733 127892
127893 128494
128495 128554
128555 128858
128859 128904
128905 128947
128948 129021
129022 129107
129108 129136
129137 129168
129169 129204
129205 129309
129310 129354
129355 129387
129388 129547
129548 129575
129576 129629
129630 129769
129770 129870
129871 129881
129882 130031
130032 130118
130119 130226
130227 130257
130258 130318
130319 130393
130394 130449
130450 130652
130654 131046
131047 131066
131067 131191
131192 131204
131205 131233
131234 131414
131415 131474
131475 131602
131603 131608
131609 131767
131768 131885
131886 131955
131956 132012
132013 132095
132096 132116
132117 132537
132538 132801
132802 132855
132856 133007
133008 133161
133162 133284
133285 133395
133396 133556
133557 133702
133703 133877
133878 133906
133907 133919
133920 133990
133991 134072
134073 134140
134141 134178
134179 134236
134237 134301
134302 134401
134402 134484
134485 134587
134588 134727
134728 134994
134995 135041
135042 135139
135140 135223
135224 135286
135287 135460
135461 135547
135548 135580
135581 135615
135616 135662
135663 135707
135708 135744
135745 135768
135769 135860
135861 135915
135916 136010
136011 136096
136097 136137
136138 136163
136164 136183
136184 136211
136212 136217
136218 136262
136264 136409
136410 136472
136474 136584
136585 136710
136711 136736
136737 136867
136868 136875
136876 136908
136909 136986
136987 137047
137048 137059
137060 137125
137126 137170
137172 137192
137193 137642
137645 137976
137977 138114
138115 138443
138445 138594
138595 138645
138646 138767
138768 138859
138860 138919
138920 139011
139012 139029
139030 139058
139059 139108
139109 139184
139185 139274
139275 139318
139319 139396
139397 139634
139635 139742
139743 139778
139779 139876
139877 140006
140007 140789
140793 141635
141636 141705
141706 141755
141756 141789
141790 141838
141839 141911
141912 141954
141955 142157
142158 142255
142256 142314
142315 142404
142405 142495
142496 142588
142589 142662
142663 142715
142716 142893
142894 143013
143014 144400
144401 154866
