0 300
301 566
567 682
683 865
866 913
914 993
994 1187
1188 1391
1392 1575
1576 1794
1795 3912
3913 4715
4716 4894
4895 5327
5328 5401
5402 5464
5465 5549
5550 5623
5624 5710
5711 6366
6367 7273
7274 7466
7467 7818
7819 7924
7925 7967
7968 8188
8189 8323
8324 8496
8497 8592
8593 10448
10449 10696
10697 13428
13429 15376
15377 15710
15711 16044
16045 16166
16167 16316
16317 16480
16481 16751
16752 16950
16951 17147
17148 17301
17302 17496
17497 17636
17637 17816
17817 17953
17954 18060
18061 18675
18676 18737
18738 19687
19688 19915
19916 20454
20455 20500
20501 20749
20750 20872
20873 21116
21117 21298
21299 21997
21998 22109
22110 22814
22815 23144
23145 23401
23402 23510
23511 23693
23694 24399
24400 24756
24757 25926
25927 26313
26314 26566
26567 26941
26942 27328
27329 28007
28008 28117
28118 28448
28449 29790
29791 29949
29950 30464
30465 31501
31502 32107
32108 32536
32537 32975
32976 33236
33237 33780
33781 34007
34008 34170
34171 34437
34438 34645
34646 34992
34993 35444
35445 35658
35659 37195
37196 37420
37421 38830
38831 38893
38894 39291
39292 39438
39439 39736
39737 40127
40128 41504
41505 41577
41578 42067
42068 42534
42535 43154
43155 43691
43692 45231
45232 45472
45473 47402
47403 47889
47890 48106
48107 49185
49186 50105
50106 50369
50370 50433
50434 50648
50649 51957
51958 53409
53410 53587
53588 53618
53619 54082
54083 54214
54215 54462
54463 55157
55158 55526
55527 55566
55567 55723
55724 55931
55932 56114
56115 56558
56559 56925
56926 57432
57433 57950
57951 58281
58282 58531
58532 58741
58742 59697
59698 59939
59940 60661
60662 60701
60702 60836
60837 61378
61379 61895
61896 62043
62044 62502
62503 63764
63765 63942
63943 64068
64069 64179
64180 64282
64283 64433
64434 64567
64568 65277
65278 65508
65509 65628
65629 65768
65769 65868
65869 67486
67487 68021
68022 68130
68131 68325
68326 68701
68702 68831
68832 69283
69284 69654
69655 70037
70038 70218
70219 70920
70921 71164
71165 73530
73531 73715
73716 73974
73975 76286
76287 76389
76390 76712
76713 76838
76839 76889
76890 77148
77149 77483
77484 77703
77704 77857
77858 78132
78133 78759
78760 78917
78918 79422
79423 79962
79963 80778
80779 81147
81148 81362
81363 81486
81487 81556
81557 81699
81700 81988
81989 82127
82128 82228
82229 82366
82367 83567
83568 83772
83773 83990
83991 84069
84070 84205
84206 84250
84251 84373
84374 84438
84439 84527
84528 85108
85109 85164
85165 85423
85424 85473
85474 85610
85611 85768
85769 86010
86011 86251
86252 86321
86322 86391
86392 86542
86543 86606
86607 86845
86846 86999
87000 87722
87723 88169
88170 88381
88382 88683
88684 89253
89254 89674
89675 90011
90012 90439
90440 90623
90624 91073
91074 91137
91138 91198
91199 91305
91306 91491
91492 91889
91890 92726
92727 93996
93997 94275
94276 94670
94671 94895
94896 95437
95438 95632
95633 95790
95791 96037
96038 96261
96262 96591
96592 97107
97108 97244
97245 97540
97541 97787
97788 97996
97997 98078
98079 98926
98927 101678
101679 101792
101793 101879
101880 102027
102028 102108
102109 102523
102524 102663
102664 102906
102907 103399
103400 103712
103713 103881
103882 104043
104044 104267
104268 104561
104562 104689
104690 104830
104831 104920
104921 105273
105274 105424
105425 105507
105508 105764
105765 105883
105884 106459
106460 106740
106741 107154
107155 107161
107162 107231
107232 107462
107463 107670
107671 110701
110702 113680
113681 113953
113954 116628
116629 117162
117163 119908
119909 120020
120021 120878
120879 122533
122534 124663
124664 125076
125077 125227
125228 126038
126039 126772
126773 127368
127369 127729
127730 128102
128103 130127
130128 131798
131799 132275
132276 132511
132512 134272
134273 135147
135148 135556
135557 136809
136810 136951
136952 137029
137030 137662
137663 138728
138729 138878
138879 139628
139629 140468
140469 145564
145565 145894
145895 147473
147474 147897
147898 148006
148007 148231
148232 148455
148456 148703
148704 148942
148943 149073
149074 149223
149224 149373
149374 149451
149452 149499
149500 149634
149635 149752
149753 156286
