0 213
214 322
323 441
442 599
600 965
966 1009
1010 1094
1095 1194
1195 1226
1227 1287
1288 1359
1360 1546
1547 1677
1678 1777
1778 1904
1905 1970
1971 2035
2036 2217
2218 2289
2290 2356
2357 2457
2458 2800
2801 2876
2877 3237
3238 3357
3358 3438
3439 3498
3499 3668
3669 3804
3805 4134
4135 4397
4398 4547
4548 4633
4634 4763
4764 4827
4828 4959
4960 5007
5008 5098
5099 5133
5134 5174
5176 5337
5338 5401
5402 5629
5630 5727
5728 6081
6082 6189
6190 6948
6949 7082
7083 7115
7116 7139
7140 7174
7175 7220
7221 7264
7265 7384
7385 7453
7454 7496
7497 7568
7569 7678
7679 7732
7733 7777
7778 7882
7883 7926
7927 8133
8134 8188
8189 8314
8315 8361
8362 8404
8405 8464
8465 8551
8552 8690
8691 8747
8748 8823
8824 8854
8855 8869
8870 8918
8919 8972
8973 9023
9024 9052
9053 9071
9072 9119
9120 9194
9195 9249
9250 9286
9287 9334
9335 9363
9364 9419
9420 9575
9576 9609
9610 9696
9697 9817
9818 9884
9885 9959
9960 9989
9990 10009
10010 10050
10051 10211
10212 10266
10267 10354
10355 10419
10420 10489
10490 10525
10526 10588
10589 10676
10677 11082
11083 11155
11156 11239
11240 11268
11269 11354
11355 11494
11495 11524
11525 11570
11571 11601
11602 11613
11614 11651
11652 11712
11713 11745
11746 11797
11798 11938
11939 12056
12057 12088
12089 12140
12141 12238
12239 12428
12429 12503
12504 12657
12658 12722
12725 12748
12749 12904
12905 12940
12941 13035
13036 13267
13268 13363
13364 13542
13543 13794
13795 14111
14112 14138
14139 14342
14343 14508
14509 14651
14652 14662
14663 14804
14805 14898
14899 17027
17028 17527
17528 17619
