0 851
852 1864
1865 2364
2365 3023
3024 5071
5072 5221
5222 5858
5859 5908
5909 5952
5953 5998
5999 6134
6135 6222
6223 6311
6312 6668
6669 6808
6809 7369
7370 7596
7597 9705
9706 10210
10211 10597
10598 10842
10843 11217
11218 11477
11478 11672
11673 11719
11720 11858
11859 12019
12020 12081
12082 12305
12306 12528
12529 12577
12578 12775
12776 12872
12873 13058
13059 13392
13394 13415
13416 13473
13474 13553
13554 13633
13634 13713
13714 13903
13904 14159
14160 14721
14722 15097
15098 15511
15512 16742
16743 16921
16922 17022
17023 17955
17956 18043
18044 18241
18242 18322
18323 19461
19462 19690
19691 19981
19982 20705
20706 20891
20892 20934
20935 22586
22587 23213
23214 25447
25448 25822
25823 26353
26354 26535
26536 26743
26744 27054
27055 27151
27152 27458
27459 27610
27611 28788
28789 28867
28868 29734
29735 29801
29802 30267
30268 30320
30321 30779
30780 31431
31432 32491
32492 32592
32593 32696
32697 32800
32801 33119
33120 33394
33395 33446
33447 33488
33489 33713
33714 33832
33833 34059
34060 34137
34138 34264
34265 34714
34715 35089
35090 35155
35156 35228
35229 35278
35279 35346
35347 35522
35523 35699
35700 36096
36097 36626
36627 41055
41056 41462
41463 43144
43145 43519
43520 43826
43827 45180
45181 45416
45417 46420
46421 46582
46583 46652
46653 46843
46844 46940
46941 47167
47168 47368
47369 47470
47471 47529
47530 47822
47823 47951
47952 48129
48130 48196
48197 48228
48229 48304
48305 48420
48421 48557
48558 48738
48739 48836
48837 48899
48900 48944
48945 49000
49001 49078
49079 49127
49128 49193
49194 49304
49305 49375
49376 49853
49854 49901
49902 51084
51085 51368
51369 51763
51764 51998
51999 52019
52020 52077
52078 52131
52132 52181
52182 52231
52232 52340
52341 52715
52716 53428
53429 53545
53546 53619
53620 54300
54301 55322
55323 55454
55455 55705
55706 55800
55801 55939
55940 56227
56228 56327
56328 56443
56444 56655
56656 56921
56922 57296
57297 57966
57967 59468
59469 59581
59582 59635
59636 59844
59845 60077
60078 60716
60717 60815
60816 60935
60936 61030
61031 62585
62586 63613
63614 63889
63890 63972
63973 64403
64404 64779
64780 64975
64976 65128
65129 65881
65882 66230
66231 67814
67815 68301
68302 68799
68800 68994
68995 71832
71833 72196
72197 75844
