0.000000000000000000e+00
8.000000000000000000e+00
1.500000000000000000e+01
2.700000000000000000e+01
3.700000000000000000e+01
4.700000000000000000e+01
5.600000000000000000e+01
6.200000000000000000e+01
7.200000000000000000e+01
8.100000000000000000e+01
8.900000000000000000e+01
9.600000000000000000e+01
1.040000000000000000e+02
1.150000000000000000e+02
1.240000000000000000e+02
1.330000000000000000e+02
1.390000000000000000e+02
1.480000000000000000e+02
1.560000000000000000e+02
1.650000000000000000e+02
1.720000000000000000e+02
1.780000000000000000e+02
1.840000000000000000e+02
1.920000000000000000e+02
1.990000000000000000e+02
2.070000000000000000e+02
2.130000000000000000e+02
2.230000000000000000e+02
2.310000000000000000e+02
2.400000000000000000e+02
2.470000000000000000e+02
2.540000000000000000e+02
2.660000000000000000e+02
2.720000000000000000e+02
2.780000000000000000e+02
2.840000000000000000e+02
2.900000000000000000e+02
2.980000000000000000e+02
3.100000000000000000e+02
3.220000000000000000e+02
3.350000000000000000e+02
3.410000000000000000e+02
3.500000000000000000e+02
3.590000000000000000e+02
3.720000000000000000e+02
3.790000000000000000e+02
3.860000000000000000e+02
3.930000000000000000e+02
4.030000000000000000e+02
4.130000000000000000e+02
4.220000000000000000e+02
4.300000000000000000e+02
4.410000000000000000e+02
4.460000000000000000e+02
4.550000000000000000e+02
4.600000000000000000e+02
