0 1907
1908 3525
3526 4842
4843 6190
6191 7743
7744 10149
10150 12843
12844 16433
16434 17629
17630 18592
18593 19340
19341 20406
20407 21480
21481 21948
21949 23522
23523 24790
24791 25843
25844 26398
26399 26686
26687 27302
27303 28626
28627 29239
29240 29875
29876 30462
30463 31186
31187 32135
32136 34474
34475 35900
35901 38791
38792 40453
40454 41545
41546 43367
43368 45844
45845 46515
46516 47196
47197 47939
47940 49392
49393 50258
50259 51611
51612 52778
52779 55049
55050 57086
57087 59034
59035 60718
60719 62378
62379 64101
64102 65357
65358 67006
67007 67364
67365 68375
68376 68878
68879 69730
69731 71451
71452 73849
