0 2739
2740 3815
3816 4842
4843 5714
5715 7580
7581 10149
10150 12843
12844 16320
16321 17260
17261 18125
18126 18755
18756 19531
19532 20406
20407 21653
21654 22353
22354 24294
24295 25644
25645 26398
26399 26760
26761 27746
27747 29046
29047 29937
29938 31046
31047 32135
32136 35023
35024 35900
35901 37653
37654 39632
39633 40453
40454 41238
41239 41847
41848 45434
45435 46534
46535 48262
48263 49392
49393 50056
50057 50991
50992 51854
51855 53005
53006 55607
55608 57086
57087 58397
58398 59752
59753 60906
60907 63143
63144 64428
64429 65724
65725 67006
67007 67364
67365 68351
68352 68767
68768 69411
69412 70617
70618 73849
