0 2739
2740 3253
3254 4798
4799 5644
5645 7580
7581 7893
7894 10878
10879 14900
14901 16828
16829 17391
17392 18032
18033 18592
18593 18909
18910 19626
19627 20557
20558 21653
21654 22109
22110 22713
22715 24924
24925 25981
25982 26686
26687 27805
27806 29434
29435 30663
30664 32135
32136 35023
35024 36094
36095 38791
38792 40064
40065 40905
40906 41735
41736 45434
45435 46939
46940 48863
48864 49547
49548 50431
50432 51611
51612 52863
52864 55049
55050 56792
56793 58268
58269 59710
59711 60906
60907 62729
62730 64203
64204 65447
65448 66865
66866 67364
67365 68351
68352 68652
68653 69018
69019 69844
69845 71038
71039 73849
