0 2739
2740 3963
3964 4909
4910 6190
6191 7810
7811 10460
10461 12843
12844 16320
16321 17260
17261 18032
18033 18663
18664 19340
19341 20334
20335 21480
21481 22033
22034 22713
22715 24790
24791 25644
25645 26398
26399 26686
26687 27302
27303 28739
28740 29538
29539 30251
30252 31114
31115 32135
32136 34857
34858 35900
35901 38105
38106 39969
39970 40905
40906 41649
41650 45434
45435 46390
46391 47196
47197 48262
48263 49547
49548 50431
50432 51611
51612 53005
53006 55607
55608 57774
57775 59523
59524 60718
60719 62729
62730 64428
64429 65837
65838 67142
67143 67859
67860 68466
68467 68852
68853 69411
69412 70617
70618 73849
