0 2531
2532 3638
3639 4798
4799 5644
5645 7243
7244 8930
8931 12046
12047 15661
15662 17012
17013 17742
17743 18355
18357 18861
18862 19531
19532 20468
20469 21758
21759 22395
22396 24736
24737 25644
25645 26398
26399 26686
26687 27302
27303 28739
28740 29434
29435 30251
30252 31114
31115 32135
32136 35023
35024 36094
36095 38791
38792 40453
40454 41238
41239 41847
41848 45434
45435 46390
46391 47073
47074 48262
48263 49547
49548 50431
50432 51611
51612 52778
52779 55049
55050 57086
57087 59034
59035 60332
60333 62063
62064 64101
64102 65357
65358 66865
66866 67364
67365 68351
68352 68767
68768 69411
69412 70617
70618 73849
