0 2739
2740 3815
3816 5228
5229 7243
7244 9744
9745 12244
12245 14900
14901 17046
17047 17907
17908 18446
18447 18861
18862 19531
19532 20977
20978 21868
21869 22713
22715 24435
24436 25644
25645 26398
26399 26760
26761 27639
27640 28626
28627 29191
29192 29937
29938 30552
30553 31443
31444 32135
32136 35023
35024 36094
36095 38592
38593 40131
40132 40905
40906 41923
41924 45434
45435 46142
46143 46534
46535 47344
47345 48863
48864 49978
49979 51202
51203 53005
53006 55607
55608 58268
58269 60906
60907 62378
62379 64101
64102 65232
65233 66865
66866 67683
67684 68351
68352 68688
68689 69346
69347 69844
69845 71103
71104 73849
