0 2739
2740 3253
3254 4529
4530 4842
4843 6190
6191 7827
7828 10149
10150 13323
13324 16249
16250 17046
17047 17907
17908 18592
18593 18861
18862 19531
19532 20125
20126 21480
21481 21948
21949 22463
22464 24790
24791 25843
25844 26583
26584 27639
27640 29239
29240 30552
30553 32135
32136 33989
33990 35023
35024 36301
36302 39082
39083 40064
40065 40905
40906 41649
41650 45434
45435 47196
47197 49078
49079 49978
49979 50431
50432 51135
51136 51854
51855 52863
52864 55049
55050 56528
56529 58268
58269 59752
59753 60906
60907 63552
63553 64772
64773 66865
66866 67342
67343 68351
68352 68652
68653 69346
69347 70617
70618 73849
