0 2531
2532 3638
3639 4842
4843 6190
6191 7743
7744 10149
10150 12401
12402 15950
15951 17046
17047 17742
17743 18355
18357 18861
18862 19531
19532 20977
20978 21758
21759 22295
22296 24220
24221 25089
25090 26208
26209 26711
26712 27411
27412 28999
29000 29937
29938 31046
31047 32135
32136 35023
35024 36094
36095 38105
38106 39969
39970 41023
41024 41735
41736 45434
45435 46534
46535 48125
48126 49392
49393 50258
50259 51489
51490 52679
52680 55049
55050 57415
57416 59523
59524 60906
60907 63143
63144 64303
64304 65724
65725 66933
66934 67364
67365 67914
67915 68466
68467 68852
68853 69091
69092 69844
69845 71038
71039 73849
