0 2739
2740 3638
3639 4842
4843 6190
6191 7827
7828 10460
10461 13323
13324 16433
16434 17260
17261 18032
18033 18592
18593 18861
18862 19531
19532 20406
20407 21527
21528 22033
22034 22713
22715 24924
24925 25891
25892 26583
26584 27302
27303 28999
29000 29937
29938 30861
30862 32135
32136 34238
34239 35478
35479 37944
37945 39846
39847 40905
40906 41649
41650 45434
45435 46534
46535 48125
48126 49368
49369 49978
49979 50794
50795 51702
51703 52863
52864 55049
55050 56528
56529 58142
58143 59662
59663 60906
60907 62729
62730 64203
64204 65605
65606 66933
66934 67364
67365 68351
68352 68688
68689 69115
69116 70516
70517 73849
