0 649
650 1631
1632 2084
2085 2739
2740 3525
3526 3963
3964 4529
4530 6090
6091 6786
6787 8930
8931 12843
12844 13562
13563 14900
14901 16249
16250 16572
16573 17629
17630 18193
18194 18592
18593 19183
19184 19695
19696 20557
20558 20977
20978 23522
23523 25644
25645 26949
26950 28483
28484 29434
29435 31443
31444 32135
32136 33364
33365 35023
35024 36094
36095 37188
37189 39632
39633 40453
40454 45434
45435 48262
48263 50056
50057 53005
53006 53715
53716 55049
55050 57952
57953 58397
58398 59939
59940 60718
60719 61502
61503 63143
63144 64428
64429 65724
65725 69963
69964 71103
71104 71670
71671 72203
72258 73849
