0 23
28 618
619 653
654 693
694 722
723 746
747 886
891 1199
1200 1320
1321 1517
1518 1672
1673 1932
1933 2102
2103 2354
2355 2426
2427 2523
2524 2662
2663 2730
2731 2892
2893 3053
3054 3135
3136 3180
3181 3243
3244 3340
3341 3431
3432 3671
3675 3823
3824 3865
3866 4023
4024 4042
4043 4081
4082 4183
4184 4278
4279 4378
4379 4553
4554 4665
4666 5113
5114 5197
5198 5307
5308 5375
5376 5595
5596 5732
5733 5828
5829 5867
5868 5915
5916 5928
5929 5994
5995 6303
6304 6559
6560 6649
6650 6770
6771 6890
6891 7018
7019 7337
7338 7382
7383 7401
7402 7436
7437 7496
7497 7641
7642 7679
7680 7813
7814 7832
7833 7849
7850 7909
7910 8009
8010 8139
8140 8460
8461 8604
8605 8713
8714 8753
8754 8874
8875 8944
8945 9117
9118 9244
9245 9257
9259 9294
9295 9513
9514 9574
9577 9586
9587 9721
9722 9796
9797 9832
9833 9963
9964 9988
9989 10098
10099 10158
10159 10237
10238 10274
10275 10300
10303 10575
10576 10654
10655 10827
10828 10958
10959 11047
11048 11055
11056 11075
11076 11204
11205 11254
11255 11332
11333 11396
11397 11447
11448 11549
11550 11627
11628 11686
11687 11884
11885 11913
11914 12040
12041 12194
12195 12259
12260 12287
12288 12381
12382 12449
12450 12479
12480 12516
12517 12525
12526 12580
12581 12754
12755 12792
12793 13062
13063 15690
