0 3952
3953 4759
4760 6073
6074 6851
6852 8481
8482 9551
9552 10946
10947 13219
13220 14524
14525 15983
15984 17073
17074 18525
18526 19458
19459 20814
20815 22007
22008 22803
22804 23796
23797 25385
25386 27126
27127 27627
27628 28714
28715 29847
29848 30602
30603 31815
31816 32954
32955 33929
33930 35505
35506 37827
37828 38689
38690 41195
41196 42151
42152 42932
42933 44378
44379 45658
45670 49664
49665 51165
51166 52907
52908 55506
55507 56980
56981 59275
59276 60834
60835 62635
62636 63940
63941 65493
65494 66720
66721 68356
68357 69548
69549 73924
