0 3448
3449 4520
4521 5740
5741 6851
6852 8368
8369 9226
9227 10333
10334 12422
12423 13877
13878 14860
14861 16162
16163 17696
17697 19062
19063 20814
20815 22103
22104 23609
23610 25152
25153 26928
26929 27567
27568 28714
28715 29847
29848 30602
30603 32042
32043 32954
32955 33929
33930 35847
35848 37907
37908 38981
38982 40995
40996 42019
42020 42998
42999 44378
44379 45658
45670 49211
49212 50609
50610 52308
52309 53870
53871 55575
55576 56980
56981 59019
59020 60834
60835 62635
62636 63940
63941 65693
65694 67487
67488 68952
68953 69873
69874 73924
