0 3697
3698 4759
4760 6073
6074 7653
7654 8771
8772 10012
10013 11603
11604 13877
13878 15218
15219 16762
16763 18397
18398 19264
19265 20814
20815 22007
22008 22901
22902 23879
23880 25385
25386 27057
27058 27627
27628 28714
28715 29847
29848 30602
30603 31815
31816 32954
32955 33929
33930 35321
35322 37666
37667 38517
38518 40995
40996 42019
42020 42932
42933 44378
44379 45586
45587 49425
49426 51010
51011 52707
52708 55438
55439 56980
56981 59425
59426 60741
60742 62484
62485 63525
63526 64997
64998 66079
66080 67888
67889 69121
69122 69873
69874 73924
