0 3448
3449 4520
4521 5740
5741 6851
6852 8205
8206 9036
9037 10333
10334 12422
12423 14054
14055 15218
15219 16762
16763 18397
18398 19264
19265 20814
20815 22007
22008 22901
22902 23879
23880 25667
25668 27057
27058 27627
27628 28622
28623 29731
29732 30602
30603 31937
31938 32954
32955 33929
33930 35505
35506 37827
37828 38981
38982 40995
40996 42019
42020 42932
42933 44378
44379 45658
45670 49664
49665 51010
51011 52707
52708 55339
55340 56473
56474 59275
59276 60592
60593 61742
61743 63288
63289 64997
64998 66227
66228 68087
68088 69433
69434 73924
