0 3448
3449 4520
4521 5740
5741 6851
6852 7936
7937 9036
9037 10012
10013 11603
11604 13877
13878 14860
14861 16871
16872 18397
18398 19458
19459 20929
20930 22007
22008 23295
23296 24551
24552 26406
26407 27485
27486 28305
28306 29281
29282 30307
30308 31815
31816 32954
32955 33929
33930 36445
36446 37827
37828 38981
38982 40799
40827 41935
41936 42697
42698 43529
43530 44781
44782 47203
47204 49664
49665 51165
51166 52907
52908 55506
55507 56980
56981 59275
59276 60741
60742 62484
62485 63727
63728 65996
65997 67989
67990 69121
69122 70469
70470 73924
