0.000000000000000000e+00
1.000000000000000000e+01
2.400000000000000000e+01
3.000000000000000000e+01
3.900000000000000000e+01
4.900000000000000000e+01
5.700000000000000000e+01
6.700000000000000000e+01
7.300000000000000000e+01
7.900000000000000000e+01
8.700000000000000000e+01
1.030000000000000000e+02
1.120000000000000000e+02
1.200000000000000000e+02
1.290000000000000000e+02
1.350000000000000000e+02
1.410000000000000000e+02
1.440000000000000000e+02
1.510000000000000000e+02
1.600000000000000000e+02
1.700000000000000000e+02
1.760000000000000000e+02
1.820000000000000000e+02
1.930000000000000000e+02
2.080000000000000000e+02
2.150000000000000000e+02
2.210000000000000000e+02
2.330000000000000000e+02
2.410000000000000000e+02
2.510000000000000000e+02
2.620000000000000000e+02
2.700000000000000000e+02
2.800000000000000000e+02
2.860000000000000000e+02
2.950000000000000000e+02
3.000000000000000000e+02
3.120000000000000000e+02
3.210000000000000000e+02
3.320000000000000000e+02
3.410000000000000000e+02
3.500000000000000000e+02
3.580000000000000000e+02
3.640000000000000000e+02
3.730000000000000000e+02
3.800000000000000000e+02
3.920000000000000000e+02
3.990000000000000000e+02
4.090000000000000000e+02
4.140000000000000000e+02
4.210000000000000000e+02
