0 4038
4039 4935
4936 6292
6293 7936
7937 9036
9037 10333
10334 12422
12423 14054
14055 14860
14861 16413
16414 17696
17697 18984
18985 20256
20257 21432
21433 22687
22688 23796
23797 25667
25668 26752
26753 27485
27486 28305
28306 29281
29282 30307
30308 31815
31816 32954
32955 33929
33930 36191
36192 38081
38082 39540
39541 41418
41419 42333
42334 42998
42999 44378
44379 45658
45670 49211
49212 50609
50610 52435
52436 55339
55340 56980
56981 59275
59276 60592
60593 61926
61927 63395
63396 64997
64998 66079
66080 67888
67889 69121
69122 69873
69874 73924
