0 3697
3698 5740
5741 6399
6400 8080
8081 9226
9227 10333
10334 12611
12612 13796
13797 14524
14525 15653
15654 18397
18398 19264
19265 20814
20815 22103
22104 22803
22804 23609
23610 23879
23880 25152
25153 26752
26753 27627
27628 28714
28715 30085
30086 32042
32043 32954
32955 33570
33571 35847
35848 37827
37828 38981
38982 41418
41419 42333
42334 43376
43377 44378
44379 45658
45670 48670
48671 51010
51011 52707
52708 55506
55507 56980
56981 59425
59426 60592
60593 61548
61549 63026
63027 64074
64075 65996
65997 67629
67630 69121
69122 69626
69627 73924
