0 3448
3449 4520
4521 5740
5741 6851
6852 8080
8081 9226
9227 10333
10334 12422
12423 14176
14177 15653
15654 16970
16971 18397
18398 19264
19265 20814
20815 22007
22008 23427
23428 25152
25153 26752
26753 27567
27568 28714
28715 29731
29732 30602
30603 31815
31816 32954
32955 33929
33930 35847
35848 37827
37828 38981
38982 40799
40827 41822
41823 42998
42999 44378
44379 45658
45670 49211
49212 50762
50763 52308
52309 53503
53504 55506
55507 56980
56981 59425
59426 60956
60957 62877
62878 64273
64274 66079
66080 68087
68088 69121
69122 69873
69874 73924
