0 3448
3449 4520
4521 5740
5741 6851
6852 8080
8081 9036
9037 10333
10334 12422
12423 14176
14177 15653
15654 16970
16971 18397
18398 19264
19265 20814
20815 22007
22008 23609
23610 25152
25153 26752
26753 27567
27568 28622
28623 29731
29732 30517
30518 31815
31816 32954
32955 33929
33930 35847
35848 37907
37908 38981
38982 40995
40996 42019
42020 42998
42999 44378
44379 45658
45670 49211
49212 50609
50610 52308
52309 53503
53504 55506
55507 56980
56981 59019
59020 60741
60742 62635
62636 63940
63941 65693
65694 67629
67630 68952
68953 69873
69874 73924
