0 637
658 2111
2112 3206
3207 3952
3953 5047
5048 5740
5741 6399
6400 6851
6852 7653
7654 9036
9037 9709
9710 11055
11056 12422
12423 15653
15654 16762
16763 17696
17697 19906
19907 21237
21238 21615
21616 25152
25153 25877
25878 27357
27358 28907
28908 29281
29282 31815
31816 32485
32486 33929
33930 36445
36446 37666
37667 38981
38982 40799
40827 42333
42334 43529
43530 45658
45670 49877
49878 52308
52309 56980
56981 58642
58643 59425
59426 60592
60593 62759
62760 65493
65494 66227
66228 67629
67630 69121
69122 69873
69874 72252
72357 73924
