0 9
10 1115
1116 1300
1301 1434
1435 1637
1638 1827
1828 1963
1964 2094
2095 2260
2261 2352
2353 2488
2489 2656
2657 2788
2789 2928
2929 3101
3102 3186
3187 3467
3468 3675
3676 3807
3808 4094
4095 4256
4257 4489
4490 4614
4615 4833
4834 5052
5053 5240
5241 5475
5476 5796
5797 5986
5987 6099
6100 6217
6218 6324
6325 6485
6486 6702
6703 6919
6920 7114
7115 7286
7287 7707
7708 7890
7891 8361
8362 8603
8604 8734
8735 9594
9595 9900
9901 10196
10197 10526
10527 10774
10775 11469
11470 11772
11773 11861
11862 12587
12588 12746
12747 13240
13242 13351
13352 13765
13766 14297
14298 14403
14404 14999
