0 212
216 629
630 757
761 840
841 941
942 971
972 1007
1008 1069
1070 1190
1191 1339
1340 1467
1468 1529
1530 1650
1651 1752
1753 1840
1841 1880
1881 2308
2309 2695
2696 2809
2810 2870
2871 2931
2932 3180
3181 3223
3224 3267
3268 3301
3302 3391
3392 3445
3446 3496
3497 3868
3869 3920
3921 3972
3973 4207
4208 4439
4440 4469
4470 4751
4752 4799
4800 4913
4914 4978
4979 5041
5042 6315
6316 6393
6394 6466
6467 6867
6868 7019
7020 7107
7108 7317
7318 7347
7348 7389
7390 7563
7564 7635
7636 7689
7690 8007
8008 8114
8115 8196
8197 8296
8297 8337
8338 8400
8401 8453
8454 8488
8489 8650
8651 8878
8879 8942
8943 9000
9001 9066
9067 9131
9132 9464
9465 9507
9508 9584
9585 9684
9685 9836
9837 10334
10335 10586
10587 10670
10671 10984
10985 11244
11245 11358
11359 11852
11853 12074
12075 12176
12177 12305
12306 12971
12972 13219
13220 13300
13301 13451
13452 13501
13502 13575
13576 13666
13667 13868
13869 13946
13947 14086
14087 14291
14292 14333
14334 14427
14428 14475
14476 14569
14570 14623
14624 14687
14688 14804
14805 14829
14830 14929
14930 15012
15013 15173
15174 15418
15419 15618
15619 16480
16481 16647
16648 16774
16775 16941
16942 17187
17188 17304
17305 17384
17385 17505
17506 17623
17624 17818
17819 18038
18039 18079
18080 18128
18129 18190
18191 18292
18293 18356
18357 18436
18437 18498
18499 18588
18589 18667
18668 18745
18746 18805
18806 18864
18865 19081
19082 19166
19167 19345
19346 19499
19500 19574
19575 19679
19680 19732
19733 19793
19794 19817
19818 19859
19860 19889
19890 20036
20037 20059
20060 20123
20124 20232
20233 20319
20320 20367
20368 20412
20413 20458
20459 20495
20496 20552
20553 20636
20637 20835
20836 21014
21015 21067
21068 21123
21124 21183
21184 21334
21335 21372
21373 21421
21422 21480
21481 21555
21556 21632
21633 21712
21713 21748
21749 21927
21928 22009
22010 22052
22053 22116
22117 22191
22192 22278
22279 22314
22315 22396
22397 22479
22480 22563
22564 22647
22648 22722
22723 22761
22762 22827
22828 22951
22952 23013
23014 23069
23070 23410
23411 23526
23527 23610
23611 23703
23704 23768
23769 23829
23830 23900
23901 23966
23967 24174
24175 24313
24314 24691
24692 25066
25067 25139
25140 25467
25468 25514
25515 25599
25600 25722
25723 25822
25823 25938
25939 26019
26020 26118
26119 26268
26269 26321
26322 26529
26530 26661
26662 26736
26737 26801
26802 27012
27013 27070
27071 27163
27164 27202
27203 27270
27271 27351
27352 27465
27466 27557
27558 27895
27896 27954
27955 28104
28105 28234
28235 28538
28539 28928
28929 29016
29017 29145
29146 29189
29190 29264
29265 29331
29332 29371
29372 29456
29457 29487
29488 29515
29516 29537
29538 29569
29570 29590
29591 29625
29626 29682
29683 29759
29760 29819
29820 29847
29848 29920
29921 29962
29963 30024
30025 30119
30120 30182
30183 30228
30229 30261
30262 30297
30298 30319
30320 30394
30395 30454
30455 30492
30493 30532
30533 30566
30567 30659
30660 30702
30703 30729
30730 30763
30764 30810
30811 30877
30878 30915
30916 31396
31397 31489
31490 31545
31546 31599
31600 31659
31660 31709
31710 31755
31756 31782
31783 31824
31825 31840
31841 31872
31873 31897
31898 31925
31926 31951
31952 32141
32142 32181
32182 32668
32669 32722
32723 32800
32801 32894
32895 32973
32974 33107
33108 33999
34000 34207
34208 34312
34313 34412
34413 34493
34494 34565
34566 34652
34653 34763
34764 34900
34901 34966
34967 35154
35155 35258
35259 36007
36008 36202
36203 36272
36273 36394
36395 36508
36509 37281
37282 37371
37372 37432
37433 37434
37435 37508
37509 37572
37573 37631
37632 37816
37817 37979
37980 38089
38090 38179
38180 38242
38243 38291
38292 38341
38342 38401
38402 39110
39111 39237
39238 39296
39297 39333
39334 39396
39397 39462
39463 39516
39517 39593
39594 39682
39683 39859
39860 39941
39942 40020
40021 40146
40147 40401
40402 40447
40448 42070
42071 42162
42163 42391
42392 42557
42558 42768
42769 42970
42971 43109
43110 43183
43184 43246
43247 43322
43323 43397
43398 43650
43651 43779
43780 43883
43884 43986
43987 44084
44085 44135
44136 44222
44223 44685
44686 44820
44821 44918
44919 45041
45042 45306
45307 45428
45429 45571
45572 45649
45650 45750
45751 45835
45836 45887
45888 45959
45960 46198
46199 46535
46536 46603
46604 46671
46672 46765
46766 46854
46855 47411
47412 47507
47508 47588
47589 47768
47769 47860
47861 47920
47921 48050
48051 48800
48801 48892
48893 48980
48981 49044
49045 49166
49167 49201
49202 49435
49436 49807
49808 50028
50029 50178
50179 50526
50527 50638
50639 50794
50795 50911
50912 51063
51064 51167
51168 51311
51312 51473
51474 51556
51557 51644
51645 51692
51693 51736
51737 51831
51832 51893
51894 51942
51943 52001
52002 52041
52042 52075
52076 52111
52112 52192
52193 52233
52234 52281
52282 52345
52346 52414
52415 52452
52453 52487
52488 52532
52533 53000
53001 53065
53066 53263
53264 53334
53335 53429
53430 53519
53520 53613
53614 53800
53801 55055
55056 55117
55118 55193
55194 55271
55272 55345
55346 55420
55421 55555
55556 55803
55804 55972
55973 56052
56053 56139
56140 56290
56291 56363
56364 56498
56499 56617
56618 56738
56739 56876
56877 56999
57000 57174
57175 57488
57489 57551
57552 57643
57644 57686
57687 57734
57735 57773
57774 57813
57814 57859
57860 57927
57928 57989
57990 58055
58056 58111
58112 58167
58168 58208
58209 58289
58290 58344
58345 58448
58449 58501
58502 58551
58552 58589
58590 58684
58685 58778
58779 61436
61437 61533
61534 61564
61565 64614
