0 20
21 293
294 740
741 998
999 1097
1098 1258
1259 1443
1444 1619
1620 1720
1721 1832
1833 2046
2047 2231
2232 2537
2538 2573
2574 2712
2713 2877
2878 2934
2935 3118
3119 3204
3205 3269
3270 3394
3395 3608
3609 3809
3810 3934
3935 4018
4019 4137
4138 4265
4266 4367
4368 4480
4481 4658
4659 4907
4908 5124
5125 5463
5464 5869
5870 6219
6220 6512
6513 7020
7021 7321
7322 7603
7604 7648
7649 8152
8153 8235
8236 8900
8901 9784
9785 10060
10061 10286
10287 10712
10713 11113
11114 11571
11572 12029
12030 12097
12098 12587
12588 13276
13277 13417
13418 14177
14178 14348
14349 14660
14661 14994
14995 14999
