0 1848
1849 3404
3405 5066
5067 7162
7163 8963
8964 11750
11751 13595
13596 15845
15846 19105
19106 20402
20403 21558
21559 23828
23829 26164
26165 29334
29338 34462
34463 35899
35900 36839
36840 44707
44708 47113
47114 51080
51081 53216
53217 54230
54231 55718
55719 58268
58269 59628
59629 60984
60985 63869
63870 69627
69628 70987
70988 73383
73388 75853
75854 77860
77861 79970
79973 82600
82601 87048
87050 89382
89383 94661
94662 97467
97470 99465
99466 104411
104412 108791
108792 111190
111191 116839
116841 119413
119414 122399
122400 125585
125586 128232
128233 129270
129271 130371
130372 132020
132023 139649
