0 850
852 2090
2091 5066
5067 7391
7392 9292
9293 13161
13162 16626
16627 19606
19607 21558
21559 23828
23829 26807
26808 29334
29338 34588
34592 36839
36840 45213
45214 48120
48121 52710
52711 54092
54093 55718
55719 59628
59629 62407
62408 64680
64681 69627
69628 72225
72226 74269
74270 76491
76492 78828
78829 79911
79913 81439
81440 84992
84993 87690
87691 89382
89383 92951
92952 95670
95671 97467
97470 99432
99433 102130
102131 106057
106058 108791
108792 111103
111104 116839
116841 118597
118598 120674
120675 123833
123835 125762
125763 128232
128233 129025
129026 129893
129894 130742
130743 132135
132136 139649
