0 1848
1849 3404
3405 5404
5405 7391
7392 9292
9293 11908
11911 13610
13613 15845
15846 18401
18403 20257
20258 21814
21815 23828
23829 26164
26165 29334
29338 34588
34592 36839
36840 44847
44848 48095
48096 52710
52711 53407
53408 54297
54298 55718
55719 58412
58413 60178
60179 62471
62474 64680
64681 69627
69628 70724
70725 72664
72665 74496
74497 76491
76492 78569
78570 80736
80739 84992
84993 87637
87638 90703
90704 94661
94662 96933
96936 99465
99466 106385
106387 108791
108792 111030
111031 116839
116841 120148
120149 124369
124371 126587
126588 128607
128608 129542
129543 130638
130639 132135
132136 139649
