0 1848
1849 3934
3935 6008
6009 7549
7550 9292
9293 11750
11751 14861
14862 17339
17340 19880
19881 21693
21694 23828
23829 26659
26660 29439
29441 34588
34592 36839
36840 44983
44984 48095
48096 51656
51657 53459
53460 54432
54433 57407
57408 59628
59629 60879
60880 63803
63804 69627
69628 70987
70988 73383
73388 75268
75269 77173
77174 79133
79134 81238
81239 84992
84993 88157
88161 91320
91321 94989
94990 96933
96936 99411
99412 100351
100352 106385
106387 108898
108899 111573
111574 116839
116841 119099
119100 120976
120979 124655
124656 126587
126588 128607
128608 129542
129543 130638
130639 132020
132023 139649
