0 1848
1849 3404
3405 5066
5067 6954
6955 8963
8964 11750
11751 13595
13596 15796
15797 18225
18226 20111
20112 21558
21559 23828
23829 26035
26036 29334
29338 34588
34592 36463
36464 43979
43980 45982
45983 48120
48121 52710
52711 53459
53460 54432
54433 57096
57097 59329
59330 60789
60790 63607
63608 69627
69628 70987
70988 73383
73388 75408
75409 77467
77469 79368
79369 81439
81440 86257
86259 88157
88161 91202
91203 94989
94990 97876
97877 99897
99898 106385
106387 109029
109030 113094
113096 116839
116841 119244
119245 121396
121397 124889
124890 126587
126588 128607
128608 129893
129894 130936
130938 139649
