0 1848
1849 3335
3336 5066
5067 7162
7163 9089
9090 11908
11911 13610
13613 15845
15846 18513
18514 20355
20356 21814
21815 23828
23829 26164
26165 29334
29338 34588
34592 36839
36840 44983
44984 48120
48121 52710
52711 53617
53618 54379
54380 57096
57097 59628
59629 62471
62474 65300
65301 69685
69686 70724
70725 72225
72226 74269
74270 76298
76299 77860
77861 79128
79129 80736
80739 84992
84993 87637
87638 90703
90704 94277
94278 96933
96936 99465
99466 106385
106387 108791
108792 111030
111031 116839
116841 119792
119793 124369
124371 126587
126588 128607
128608 129542
129543 130638
130639 132135
132136 139649
