0 709
710 1848
1849 5066
5067 7391
7392 9292
9293 11750
11751 13610
13613 15845
15846 18401
18403 20257
20258 21814
21815 23828
23829 26164
26165 29334
29338 34588
34592 36839
36840 44750
44751 48120
48121 52856
52857 53668
53669 54432
54433 57096
57097 59628
59629 61648
61649 64680
64681 69627
69628 70724
70725 73383
73388 75268
75269 77173
77174 78981
78982 80573
80576 84121
84122 87637
87638 89382
89383 94661
94662 97438
97442 99411
99412 100351
100352 106385
106387 108791
108792 111030
111031 116839
116841 119961
119962 124349
124352 125844
125845 128232
128233 129808
129809 130936
130938 132135
132136 139649
