0 1848
1849 3934
3935 6008
6009 7549
7550 9292
9293 11750
11751 13739
13740 15983
15984 18401
18403 20257
20258 21838
21839 23828
23829 26659
26660 29769
29770 34588
34592 36839
36840 45213
45214 48120
48121 52710
52711 53617
53618 54432
54433 57407
57408 59525
59526 60879
60880 63869
63870 69627
69628 70987
70988 73383
73388 75268
75269 77173
77174 79128
79129 81238
81239 84992
84993 87690
87691 90703
90704 94277
94278 96933
96936 99411
99412 100351
100352 106385
106387 108928
108929 113094
113096 117542
117545 120148
120149 124369
124371 126003
126004 128297
128298 129270
129271 130371
130372 131688
131693 139649
