0 2090
2091 5066
5067 7162
7163 9292
9293 11908
11911 13610
13613 15845
15846 18225
18226 20257
20258 21814
21815 23828
23829 26035
26036 27244
27245 29334
29338 34588
34592 36584
36585 44707
44708 47793
47794 52710
52711 53407
53408 54197
54198 55718
55719 58849
58850 60178
60179 60984
60985 63420
63421 65385
65386 69966
69967 71198
71199 73383
73388 74496
74497 76491
76492 78175
78176 80259
80262 84992
84993 87565
87566 89382
89383 94661
94662 96933
96936 99448
99449 106385
106387 108791
108792 111030
111031 117565
117567 123104
123105 126587
126588 128820
128821 129834
129835 130843
130844 132135
132136 139649
