0 150
152 290
292 357
358 430
432 570
573 709
710 850
852 917
918 987
989 1182
1189 1543
1546 1848
1849 1956
1957 2090
2091 2178
2179 2303
2304 2386
2387 2571
2572 2788
2789 2987
2988 3053
3054 3172
3173 3335
3336 3404
3405 3550
3551 3934
3935 4049
4050 4200
4201 4373
4374 4427
4428 4710
4711 4833
4834 4872
4873 5066
5067 5404
5405 5680
5681 5797
5798 6008
6009 6137
6138 6315
6316 6362
6363 6436
6437 6479
6480 6668
6669 6809
6810 6954
6955 7081
7082 7162
7163 7330
7331 7391
7392 7549
7550 7616
7617 7968
7969 8011
8012 8330
8331 8424
8425 8642
8643 8702
8703 8837
8838 8936
8937 8963
8964 9035
9036 9089
9090 9136
9137 9292
9293 9639
9640 10412
10413 10731
10732 10885
10886 11027
11028 11064
11065 11155
11156 11286
11287 11361
11362 11430
11431 11460
11461 11659
11661 11750
11751 11908
11911 12050
12051 12154
12155 12334
12335 12680
12681 13161
13162 13328
13329 13387
13388 13595
13596 13610
13613 13739
13740 14181
14182 14499
14500 14799
14800 14861
14862 15022
15023 15240
15241 15540
15541 15570
15571 15796
15797 15845
15846 15983
15984 16337
16338 16432
16433 16626
16627 16798
16799 17147
17148 17339
17340 17513
17514 17649
17650 17874
17875 18225
18226 18401
18403 18513
18514 18568
18571 19105
19106 19585
19586 19606
19607 19708
19709 19880
19881 20019
20020 20111
20112 20161
20162 20257
20258 20355
20356 20402
20403 20539
20540 20766
20767 20860
20861 20904
20905 21191
21192 21229
21230 21558
21559 21693
21694 21814
21815 21838
21839 21873
21874 21994
21995 22071
22072 22165
22166 22457
22458 22524
22525 22696
22697 22886
22887 23416
23417 23495
23496 23628
23629 23661
23662 23828
23829 23989
23990 24214
24215 24341
24342 24557
24558 24763
24764 24915
24916 25128
25129 25323
25324 25463
25464 25697
25698 25860
25861 26035
26036 26164
26165 26659
26660 26807
26808 26924
26925 27002
27003 27202
27203 27244
27245 27365
27366 27440
27441 27753
27754 28402
28404 29149
29155 29334
29338 29439
29441 29769
29770 30101
30102 30662
30663 31023
31024 31516
31517 31588
31589 32034
32035 32273
32274 32603
32604 33139
33140 33264
33265 33795
33796 33858
33859 34462
34463 34588
34592 34871
34872 34895
34896 35261
35262 35285
35286 35840
35841 35899
35900 36341
36342 36401
36402 36463
36464 36510
36511 36565
36566 36584
36585 36645
36646 36839
36840 36853
36857 36986
36987 43797
43798 43906
43907 43979
43980 44052
44053 44112
44113 44483
44484 44707
44708 44750
44751 44847
44848 44983
44984 45213
45214 45707
45708 45982
45983 46038
46039 46516
46517 46627
46628 46840
46841 47069
47070 47113
47114 47340
47341 47408
47409 47728
47729 47793
47794 48095
48096 48120
48121 48155
48156 48600
48601 49152
49153 49293
49294 49577
49578 50195
50196 50349
50350 50481
50482 50921
50922 51028
51029 51080
51081 51376
51377 51656
51657 52710
52711 52856
52857 52948
52949 52981
52982 53019
53020 53126
53127 53163
53164 53216
53217 53249
53250 53306
53307 53407
53408 53459
53460 53617
53618 53668
53669 53764
53765 53800
53801 53931
53932 54065
54066 54092
54093 54148
54149 54197
54198 54230
54231 54297
54298 54328
54329 54379
54380 54432
54433 54748
54749 54916
54917 55121
55122 55153
55154 55358
55359 55425
55426 55718
55719 56259
56260 56579
56580 56666
56667 57096
57097 57241
57242 57407
57408 57466
57467 57549
57550 57657
57658 57944
57945 58268
58269 58412
58413 58849
58850 58902
58903 58958
58959 59074
59075 59329
59330 59358
59359 59496
59497 59525
59526 59628
59629 60178
60179 60338
60339 60394
60395 60444
60445 60519
60520 60580
60581 60647
60648 60694
60695 60743
60744 60789
60790 60836
60837 60879
60880 60984
60985 61648
61649 62407
62408 62471
62474 62861
62862 62913
62914 63089
63090 63106
63107 63183
63185 63420
63421 63516
63517 63607
63608 63803
63804 63869
63870 63928
63929 64680
64681 64839
64840 65300
65301 65342
65343 65360
65361 65385
65386 68481
68482 69140
69141 69320
69321 69508
69509 69627
69628 69685
69686 69736
69737 69862
69863 69966
69967 70050
70051 70124
70125 70176
70177 70204
70205 70362
70363 70422
70423 70627
70628 70724
70725 70987
70988 71077
71078 71169
71170 71198
71199 71240
71241 71287
71288 71353
71354 71715
71716 71893
71894 71919
71920 72225
72226 72419
72420 72664
72665 72964
72965 73383
73388 73405
73407 73569
73570 73764
73765 74119
74120 74159
74160 74269
74270 74376
74377 74496
74497 74733
74734 74939
74940 75014
75015 75268
75269 75408
75409 75853
75854 76072
76073 76172
76173 76298
76299 76363
76364 76491
76492 76617
76618 76720
76721 76770
76771 76875
76876 77100
77101 77173
77174 77467
77469 77860
77861 78175
78176 78569
78570 78723
78724 78828
78829 78881
78882 78945
78946 78981
78982 79090
79091 79116
79117 79128
79129 79133
79134 79221
79222 79368
79369 79399
79400 79911
79913 79970
79973 80259
80262 80573
80576 80736
80739 80859
80860 80958
80959 81105
81106 81238
81239 81312
81313 81439
81440 81702
81703 81737
81738 81834
81835 82008
82009 82600
82601 82702
82703 83720
83721 84007
84008 84121
84122 84544
84545 84602
84603 84712
84713 84992
84993 85373
85374 86257
86259 86589
86591 86689
86691 86793
86794 87042
87043 87048
87050 87129
87130 87429
87430 87565
87566 87637
87638 87690
87691 88157
88161 88184
88188 88643
88644 89260
89263 89275
89277 89382
89383 89748
89749 90019
90020 90513
90514 90703
90704 90952
90953 91202
91203 91320
91321 91561
91562 92035
92036 92221
92222 92299
92300 92773
92774 92951
92952 93250
93251 93372
93373 93640
93641 93792
93793 93937
93938 94277
94278 94661
94662 94989
94990 95113
95114 95279
95280 95554
95555 95670
95671 95802
95803 95955
95956 96152
96153 96226
96227 96377
96378 96543
96544 96794
96795 96933
96936 97438
97442 97467
97470 97876
97877 98202
98203 98323
98324 98632
98633 98700
98701 99143
99144 99259
99260 99327
99328 99397
99398 99411
99412 99432
99433 99448
99449 99465
99466 99481
99482 99672
99673 99852
99853 99897
99898 99980
99981 100003
100004 100042
100043 100168
100169 100351
100352 102130
102131 102491
102492 102927
102928 104003
104004 104119
104120 104216
104217 104411
104412 104549
104550 105716
105717 106057
106058 106385
106387 106771
106772 106829
106830 106884
106885 106960
106961 106994
106995 108330
108331 108353
108354 108397
108398 108464
108465 108791
108792 108882
108883 108898
108899 108928
108929 108983
108984 109029
109030 109095
109096 109365
109366 109990
109994 110453
110457 110702
110703 110726
110727 111030
111031 111103
111104 111190
111191 111573
111574 113094
113096 113111
113112 113167
113168 113180
113181 113205
113206 113232
113233 113411
113412 113842
113843 114266
114267 114910
114911 115593
115594 116026
116027 116464
116465 116839
116841 117107
117109 117542
117545 117565
117567 117980
117981 118151
118152 118321
118322 118518
118519 118597
118598 118895
118896 119099
119100 119211
119212 119244
119245 119289
119290 119413
119414 119792
119793 119961
119962 120148
120149 120373
120374 120455
120456 120674
120675 120976
120979 121115
121116 121396
121397 121495
121496 121745
121746 121845
121846 122333
122334 122399
122400 123104
123105 123833
123835 124349
124352 124369
124371 124655
124656 124798
124799 124889
124890 124988
124989 125118
125119 125352
125353 125421
125422 125512
125513 125585
125586 125762
125763 125844
125845 125926
125927 126003
126004 126230
126231 126392
126393 126587
126588 126678
126679 126771
126772 126867
126868 126932
126933 127263
127264 127297
127298 127687
127688 128232
128233 128297
128298 128363
128364 128514
128515 128546
128547 128596
128597 128607
128608 128664
128665 128820
128821 128841
128842 128904
128905 128967
128968 129025
129026 129104
129105 129130
129131 129197
129198 129270
129271 129408
129409 129433
129434 129542
129543 129808
129809 129834
129835 129893
129894 129919
129920 129951
129952 130060
130061 130119
130120 130161
130162 130210
130211 130371
130372 130495
130496 130529
130530 130598
130599 130638
130639 130720
130721 130742
130743 130843
130844 130912
130913 130936
130938 130955
130959 131081
131086 131688
131693 132020
132023 132135
132136 132426
132428 132822
132823 132897
132898 133023
133024 133248
133249 133695
133696 133790
133791 134448
134451 139104
139106 139649
