0 343
344 1024
1026 2407
2408 2588
2590 3326
3327 3477
3479 4137
4139 4241
4244 4380
4383 4414
4417 4527
4530 4626
4627 4706
4707 4757
4758 4829
4830 4960
4961 5805
5806 6333
6334 6468
6471 7180
7183 7531
7532 7655
7657 7782
7785 7906
7908 8062
8063 8099
8101 8235
8237 8419
8420 8459
8461 8491
8492 8564
8566 9707
9710 10102
10105 10317
10320 10484
10487 10616
10618 10751
10754 11055
11057 11293
11296 11330
11333 11429
11432 11602
11604 11691
11694 11726
11728 11849
11852 12046
12049 12401
12402 12695
12698 12804
12805 12923
12926 13045
13047 13148
13149 13254
13256 13343
13345 13530
13533 13605
13606 13828
13831 13924
13927 14150
14151 14292
14294 14774
