0 2499
2500 4167
4168 5401
5402 6659
6660 8745
8746 10893
10894 11748
11749 12780
12781 16547
16548 17849
17850 18843
18844 19312
19313 19820
19881 20753
20754 22260
22289 22951
22952 24458
24459 26846
26847 27646
27647 28462
28463 29141
29142 30670
30671 31956
31957 33041
33085 34179
34180 34848
34849 35948
35949 38178
38179 40345
40346 42260
42261 43915
43916 46157
46158 46972
46973 47203
47204 47797
47798 48787
48788 50164
50165 51974
51975 55390
55391 56760
56761 59569
59570 60455
60456 61769
61770 62813
62814 64269
64270 66159
66160 67326
67327 68140
68141 68690
68691 69728
69730 70234
70235 70726
70727 73466
