0.000000000000000000e+00
9.000000000000000000e+00
1.900000000000000000e+01
3.200000000000000000e+01
4.400000000000000000e+01
5.400000000000000000e+01
6.300000000000000000e+01
7.000000000000000000e+01
8.000000000000000000e+01
8.700000000000000000e+01
9.700000000000000000e+01
1.020000000000000000e+02
1.100000000000000000e+02
1.180000000000000000e+02
1.250000000000000000e+02
1.340000000000000000e+02
1.400000000000000000e+02
1.460000000000000000e+02
1.530000000000000000e+02
1.600000000000000000e+02
1.740000000000000000e+02
1.840000000000000000e+02
1.940000000000000000e+02
2.010000000000000000e+02
2.080000000000000000e+02
2.170000000000000000e+02
2.230000000000000000e+02
2.290000000000000000e+02
2.380000000000000000e+02
2.490000000000000000e+02
2.590000000000000000e+02
2.680000000000000000e+02
2.800000000000000000e+02
2.900000000000000000e+02
2.990000000000000000e+02
3.080000000000000000e+02
3.140000000000000000e+02
3.230000000000000000e+02
3.320000000000000000e+02
3.410000000000000000e+02
3.500000000000000000e+02
3.560000000000000000e+02
3.700000000000000000e+02
3.770000000000000000e+02
3.920000000000000000e+02
4.010000000000000000e+02
4.090000000000000000e+02
4.220000000000000000e+02
4.270000000000000000e+02
4.340000000000000000e+02
4.380000000000000000e+02
4.480000000000000000e+02
4.540000000000000000e+02
4.630000000000000000e+02
4.670000000000000000e+02
