0 2770
2771 4874
4875 6612
6613 8460
8461 10983
10984 11748
11749 12564
12565 15767
15768 17628
17629 18416
18417 19312
19313 19820
19881 20753
20754 22064
22065 22479
22480 23062
23063 24575
24576 26846
26847 27646
27647 28462
28463 29141
29142 30670
30671 31956
31957 32980
33039 33987
33988 34848
34849 35948
35949 37653
37654 40211
40212 41944
41945 43791
43792 44950
44951 46775
46776 47224
47225 48013
48014 49050
49051 50030
50031 50860
50861 52975
52976 55613
55614 58259
58260 60574
60575 62115
62116 63462
63463 64717
64718 66039
66095 67326
67327 68052
68053 68690
68691 69728
69730 70234
70235 70726
70727 73466
