0 2499
2500 4167
4168 5401
5402 6612
6613 8460
8461 10983
10984 12146
12147 14268
14269 17282
17283 18677
18678 19312
19313 19820
19881 20753
20754 22260
22289 23062
23063 24575
24576 26846
26847 27646
27647 28462
28463 29141
29142 30670
30671 31956
31957 33041
33085 34179
34180 34848
34849 35948
35949 38178
38179 40345
40346 42260
42261 43791
43792 44405
44406 46432
46433 47102
47103 47297
47298 48013
48014 49050
49051 50164
50165 51335
51336 54427
54428 55720
55721 59569
59570 60455
60456 61769
61770 62813
62814 64269
64270 65834
65924 67326
67327 68052
68053 68690
68691 69728
69730 70234
70235 70726
70727 73466
