0 2626
2627 4874
4875 6612
6613 8745
8746 11338
11339 12441
12443 14268
14269 17282
17283 18316
18317 19312
19313 19820
19881 21248
21249 22410
22411 23062
23063 24782
24783 25713
25714 26846
26847 27832
27833 28462
28463 30670
30671 31837
31838 33041
33085 34179
34180 34755
34756 35948
35949 36709
36710 37653
37654 40211
40212 42260
42261 43719
43720 44355
44356 46432
46433 47102
47103 47297
47298 48013
48014 48406
48407 49327
49328 50030
50031 50715
50716 52975
52976 55390
55391 59569
59570 60455
60456 62598
62599 63752
63753 65197
65198 67326
67327 67686
67687 68361
68362 69049
69050 69960
69961 71054
71055 73466
