0 2770
2771 4874
4875 6230
6231 7150
7151 8745
8746 11173
11174 12355
12356 15061
15062 17535
17536 18843
18844 19438
19439 20753
20754 22410
22411 23322
23323 24782
24783 26226
26227 27646
27647 28462
28463 29579
29580 31002
31003 31956
31957 33041
33085 34179
34180 34848
34849 35795
35796 36709
36710 38178
38179 40545
40546 42260
42261 43719
43720 44478
44479 46432
46433 47102
47103 47297
47298 48013
48014 48787
48788 49445
49446 50164
50165 51335
51336 53183
53184 56491
56492 58259
58260 60574
60575 62002
62003 63122
63123 64717
64718 66646
66647 67639
67640 68361
68362 68907
68908 69960
69961 70726
70727 73466
