0 2770
2771 4874
4875 5860
5861 6718
6719 8090
8091 9607
9608 11871
11872 12780
12781 15928
15929 17849
17850 19050
19051 19564
19565 21248
21249 22410
22411 23322
23323 24782
24783 26846
26847 27945
27946 29022
29023 30670
30671 31837
31838 33041
33085 34179
34180 34848
34849 35795
35796 37156
37157 39709
39710 41489
41490 42866
42868 43850
43851 44867
44869 46432
46433 47102
47103 47297
47298 47877
47878 48406
48407 49327
49328 50087
50088 51335
51336 53183
53184 55720
55721 58259
58260 60455
60456 61879
61880 62813
62814 63752
63753 64717
64718 66646
66647 67686
67687 68471
68472 69728
69730 70367
70368 73466
