0 2626
2627 4874
4875 6230
6231 7627
7628 9607
9608 11748
11749 12780
12781 15767
15768 17628
17629 18843
18844 19438
19439 20753
20754 22410
22411 23322
23323 24782
24783 26226
26227 27646
27647 28462
28463 29579
29580 31002
31003 31956
31957 33041
33085 34261
34263 35336
35337 36573
36574 38178
38179 40345
40346 41944
41945 43509
43510 44186
44187 46247
46248 46972
46973 47224
47225 47797
47798 48406
48407 49219
49220 49932
49933 50530
50531 52472
52473 55505
55506 57415
57416 60277
60278 61663
61664 62692
62693 64040
64041 65576
65577 66788
66789 67686
67687 68361
68362 68907
68908 69892
69893 70726
70727 73466
