0 2186
2187 4379
4380 5401
5402 6718
6719 8460
8461 9607
9608 11440
11441 12441
12443 15061
15062 17535
17536 18677
18678 19372
19373 20616
20617 22294
22361 23322
23323 24782
24783 26514
26515 27548
27549 28462
28463 29398
29399 31002
31003 31956
31957 32980
33039 34179
34180 34848
34849 35948
35949 36709
36710 38178
38179 40726
40727 43015
43016 44405
44406 46432
46433 47150
47151 47584
47585 48406
48407 49393
49394 50030
50031 50715
50716 52472
52473 55390
55391 57086
57087 59569
59570 61063
61064 62002
62003 63122
63123 64597
64598 66159
66160 67326
67327 68361
68362 69049
69050 70234
70235 70726
70727 73466
