0 2304
2305 3992
3993 5189
5190 6375
6376 7488
7489 8745
8746 11173
11174 12355
12356 14778
14779 17282
17283 18677
18678 19312
19313 19900
19947 21248
21249 22583
22584 24254
24255 26846
26847 27646
27647 28462
28463 29022
29023 30670
30671 31837
31838 33041
33085 34084
34085 34848
34849 35948
35949 38178
38179 40345
40346 42260
42261 43791
43792 44405
44406 46432
46433 47102
47103 47297
47298 48013
48014 48787
48788 49445
49446 50164
50165 50715
50716 52975
52976 55720
55721 59569
59570 60455
60456 62002
62003 63122
63123 64447
64448 65834
65924 67326
67327 67963
67964 68620
68621 69728
69730 70445
70446 73466
