0 649
650 1989
1990 5189
5190 6375
6376 7627
7628 8090
8091 8745
8746 9309
9310 9607
9608 11440
11441 11748
11749 12564
12565 14268
14269 16547
16548 17140
17141 18677
18678 20753
20754 22260
22289 23062
23063 23322
23323 23507
23508 24782
24783 26846
26847 27548
27549 28462
28463 29022
29023 30670
30671 31670
31672 33041
33085 33503
33504 34755
34756 35948
35949 38178
38179 39709
39710 41489
41490 45555
45556 46775
46776 48596
48597 50860
50861 51335
51336 54427
54428 56626
56627 57542
57543 59569
59570 60574
60575 62813
62814 64717
64718 66358
66359 66646
66647 68432
68433 71393
71394 71879
71962 73466
