0 2546
2548 4457
4458 8052
8053 12725
12726 17558
17559 21121
21122 24563
24564 27334
27335 29375
29376 32831
32832 35798
35799 38331
38332 40400
40401 42822
42823 45079
45080 48214
48215 50149
50150 52736
52739 55310
55311 59793
59796 61788
61789 63458
63459 66206
66207 68363
68366 73290
73291 76585
76586 80930
80931 84054
84055 87611
87612 89879
89880 93682
93683 95614
95615 98030
98033 100451
100452 102735
102736 104459
104460 106779
106780 108463
108464 111245
111246 113334
113335 116202
116203 118415
118416 120199
120200 129714
