0 1946
1948 3843
3844 5685
5686 8662
8665 12107
12108 17313
17314 21121
21122 24563
24564 27191
27192 29420
29421 32274
32275 34885
34886 38331
38332 40658
40659 42822
42823 44496
44497 47564
47565 50121
50122 52736
52739 56391
56392 59873
59875 61765
61766 63458
63459 66235
66236 68363
68366 72812
72813 76585
76586 80930
80931 84309
84310 88143
88144 90195
90196 94082
94083 95463
95464 98030
98033 99488
99489 100950
100951 104492
104493 106872
106873 108463
108464 111245
111246 113334
113335 116030
116031 118277
118278 120444
120445 129714
