0 3804
3805 5709
5710 10400
10402 13614
13615 18305
18306 21121
21122 23642
23643 26623
26624 27812
27813 29770
29771 33063
33064 35798
35799 38331
38332 40400
40401 42437
42438 44413
44414 45523
45524 48827
48829 50216
50217 52736
52739 55245
55246 59070
59071 61310
61311 62744
62745 66030
66031 68729
68730 72812
72813 76585
76586 81230
81231 83178
83179 85772
85773 89089
89090 92302
92303 95823
95824 98372
98373 101188
101189 104492
104493 106660
106661 108203
108204 109360
109361 111559
111560 113334
113335 116030
116031 119771
119773 129714
