0 2807
2808 4862
4863 8662
8665 12540
12541 17313
17314 21121
21122 24563
24564 27220
27221 29375
29376 32274
32275 34831
34832 38095
38096 41022
41023 42822
42823 45054
45055 48040
48041 49939
49940 53199
53200 56391
56392 59689
59690 61492
61493 63245
63246 66235
66236 68363
68366 72812
72813 74777
74778 76585
76586 80930
80931 84225
84226 87743
87744 90034
90035 94125
94126 95823
95824 98686
98687 100500
100501 102873
102874 104593
104594 106923
106924 108463
108464 111072
111073 113225
113226 115499
115500 118277
118278 120317
120318 129714
