0 3804
3805 5709
5710 9927
9928 12725
12726 16011
16012 21121
21122 24052
24053 27191
27192 29375
29376 31572
31573 34064
34065 34885
34886 38331
38332 40400
40401 42437
42438 44380
44381 48827
48829 49703
49704 51909
51910 52736
52739 54859
54860 59221
59222 60997
60998 61788
61789 65529
65530 68729
68730 71825
71826 74220
74221 77346
77347 80930
80931 84460
84461 89089
89090 94685
94686 97771
97772 101066
101067 104543
104544 107355
107356 108446
108447 111245
111246 112502
112503 113670
113671 116202
116203 119482
119483 120054
120055 129714
