0 3698
3699 5685
5686 9853
9854 13221
13222 17704
17705 21467
21468 24563
24564 27220
27221 29248
29249 32158
32159 34790
34791 38223
38224 41206
41207 42958
42961 45318
45319 48267
48268 50482
50483 53610
53611 56597
56598 59793
59796 61788
61789 63975
63976 66295
66296 68363
68366 72740
72741 74824
74825 77346
77347 81264
81267 84556
84557 88503
88504 91648
91649 94881
94882 97637
97638 99488
99489 101325
101326 103602
103603 105573
105574 107413
107414 108827
108828 111245
111246 113299
113300 115499
115500 118277
118278 120317
120318 129714
