0 3993
3995 5685
5686 9279
9280 12107
12108 15220
15221 19006
19007 21412
21413 24563
24564 27334
27335 29420
29421 32274
32275 34831
34832 38223
38224 40400
40401 42311
42312 44380
44381 45597
45598 48827
48829 50482
50483 53668
53669 56391
56392 59070
59071 61235
61236 62774
62775 66377
66378 68729
68730 72812
72813 76585
76586 80930
80931 84054
84055 87551
87552 90034
90035 94881
94882 98030
98033 100950
100951 104244
104245 106660
106661 108203
108204 109224
109225 111072
111073 112554
112555 113627
113628 116202
116203 119771
119773 129714
