0 3993
3995 6489
6490 10749
10750 14042
14043 17881
17882 21121
21122 23923
23925 26708
26709 28045
28046 30922
30923 33448
33449 35497
35498 38331
38332 41022
41023 42437
42438 44496
44497 45523
45524 48827
48829 50216
50217 53199
53200 55089
55090 59070
59071 61310
61311 62906
62907 66104
66105 68363
68366 72740
72741 74824
74825 77445
77446 81264
81267 84374
84375 88321
88322 91648
91649 95247
95248 98275
98276 101066
101067 104244
104245 106476
106477 108203
108204 109613
109614 111957
111958 113627
113628 116030
116031 119771
119773 129714
