0 147
150 444
446 565
567 817
818 933
934 981
982 1017
1018 1042
1043 1061
1062 1120
1123 1243
1246 1543
1546 1820
1822 1946
1948 1977
1978 2003
2004 2056
2057 2086
2087 2123
2124 2174
2175 2195
2196 2240
2241 2546
2548 2627
2628 2694
2695 2807
2808 3395
3397 3571
3572 3698
3699 3726
3727 3763
3764 3804
3805 3814
3815 3843
3844 3860
3861 3993
3995 4115
4116 4161
4162 4204
4205 4245
4246 4352
4353 4397
4398 4428
4429 4457
4458 4496
4497 4527
4528 4589
4590 4798
4802 4813
4814 4862
4863 4893
4894 4942
4943 4992
4995 5113
5115 5685
5686 5709
5710 5816
5817 5967
5968 6059
6060 6197
6198 6238
6239 6351
6352 6401
6402 6489
6490 6574
6575 6684
6685 6718
6719 6833
6834 6876
6877 6919
6920 6986
6987 7014
7015 7297
7298 7356
7357 7906
7907 8052
8053 8662
8665 9279
9280 9395
9396 9545
9546 9604
9605 9734
9735 9785
9786 9853
9854 9927
9928 10013
10014 10156
10157 10210
10211 10290
10291 10330
10331 10400
10402 10703
10704 10749
10750 11110
11111 11182
11183 11236
11237 11295
11296 11401
11402 11503
11504 11600
11601 11665
11666 11722
11723 11860
11861 12000
12001 12034
12035 12107
12108 12540
12541 12725
12726 12763
12764 12868
12869 13023
13024 13082
13083 13221
13222 13337
13338 13365
13366 13449
13450 13489
13490 13614
13615 14042
14043 14112
14113 14287
14288 14535
14536 14645
14646 14726
14727 14838
14839 14938
14939 15023
15024 15149
15150 15220
15221 15297
15298 15356
15357 15453
15454 15510
15511 15973
15974 16011
16012 17283
17284 17313
17314 17397
17398 17558
17559 17583
17584 17665
17666 17704
17705 17881
17882 18305
18306 18522
18523 18583
18584 18631
18632 18669
18670 18742
18743 18915
18916 18947
18948 19006
19007 19166
19167 19225
19226 19370
19371 19447
19448 19529
19530 19567
19568 19662
19663 19877
19878 19961
19962 20082
20083 20240
20241 20475
20476 20551
20552 20756
20757 20898
20899 20948
20949 21060
21061 21121
21122 21352
21353 21412
21413 21467
21468 21527
21528 21591
21592 21685
21686 21737
21738 21786
21787 22009
22010 22059
22060 22091
22092 22215
22216 22290
22291 22333
22334 22392
22393 22480
22481 22525
22526 22816
22817 22872
22873 23046
23047 23103
23104 23195
23196 23270
23271 23306
23307 23334
23335 23363
23364 23403
23404 23430
23431 23642
23643 23923
23925 23977
23978 24006
24007 24052
24053 24119
24120 24241
24242 24326
24327 24563
24564 25363
25364 25415
25416 25468
25469 25605
25606 25671
25672 25721
25722 25901
25902 25991
25992 26062
26063 26111
26112 26218
26219 26250
26251 26296
26297 26341
26342 26400
26401 26509
26510 26558
26559 26623
26624 26669
26670 26708
26709 26743
26745 26779
26780 26835
26837 26881
26882 26919
26921 26951
26953 26986
26988 27036
27038 27075
27077 27118
27120 27144
27147 27191
27192 27220
27221 27334
27335 27398
27399 27444
27445 27509
27510 27536
27537 27567
27568 27615
27616 27744
27745 27772
27773 27812
27813 27867
27868 27956
27957 27986
27987 28045
28046 28142
28143 28299
28300 28339
28340 28400
28401 28499
28500 28532
28533 28639
28640 28714
28715 28844
28845 28867
28868 28893
28894 28967
28968 29001
29002 29037
29038 29069
29070 29212
29213 29248
29249 29300
29301 29375
29376 29420
29421 29491
29492 29532
29533 29637
29638 29770
29771 29921
29922 30574
30575 30691
30692 30732
30733 30833
30834 30922
30923 30984
30985 31053
31054 31093
31094 31118
31119 31180
31181 31218
31219 31258
31259 31322
31323 31406
31407 31440
31441 31572
31573 31624
31625 31721
31722 31780
31781 31832
31833 31933
31937 32158
32159 32274
32275 32421
32422 32723
32724 32765
32766 32831
32832 32932
32933 33063
33064 33145
33146 33208
33209 33241
33242 33283
33284 33361
33362 33448
33449 33772
33773 33994
33995 34036
34037 34064
34065 34181
34182 34227
34228 34268
34269 34316
34317 34345
34346 34385
34386 34414
34415 34446
34447 34484
34485 34517
34518 34565
34566 34736
34737 34790
34791 34831
34832 34857
34858 34885
34886 35213
35214 35350
35352 35497
35498 35798
35799 35859
35860 35935
35936 36266
36267 36319
36320 36383
36384 36450
36451 36493
36494 36521
36522 36566
36567 36747
36748 37018
37019 37058
37059 37139
37140 37169
37170 37261
37262 37310
37311 37452
37453 37618
37619 37668
37669 37735
37736 37788
37789 37820
37821 38047
38048 38095
38096 38223
38224 38331
38332 38384
38385 38443
38444 38470
38471 38564
38565 38597
38598 38664
38665 38705
38706 39097
39098 39183
39184 39265
39266 39410
39411 39521
39522 39618
39619 39729
39730 39783
39784 39853
39854 39913
39914 39978
39979 40032
40033 40072
40073 40137
40138 40295
40296 40340
40341 40400
40401 40658
40659 41022
41023 41145
41146 41206
41207 41243
41244 41305
41306 41386
41387 41435
41436 41515
41516 41544
41545 41569
41570 41598
41599 41612
41613 41643
41644 41675
41676 41711
41712 41826
41827 41904
41905 41942
41943 41975
41976 42030
42031 42062
42063 42089
42090 42115
42116 42227
42228 42268
42269 42311
42312 42368
42369 42406
42407 42437
42438 42456
42457 42822
42823 42886
42889 42958
42961 43012
43015 43072
43074 43172
43175 43204
43206 43255
43258 43304
43307 43436
43437 43500
43501 43685
43686 43736
43737 43912
43913 43984
43985 44094
44095 44169
44170 44259
44260 44380
44381 44413
44414 44437
44438 44496
44497 44538
44539 44569
44570 44609
44610 44644
44645 44755
44756 44782
44783 44832
44833 44868
44869 44895
44896 45010
45011 45054
45055 45079
45080 45123
45124 45157
45158 45208
45209 45244
45245 45286
45287 45318
45319 45346
45347 45368
45369 45392
45393 45430
45431 45460
45461 45497
45498 45523
45524 45597
45598 46268
46269 46297
46298 46418
46419 46553
46554 46582
46583 46721
46722 46878
46879 47121
47122 47199
47200 47376
47377 47499
47500 47564
47565 47601
47602 47783
47784 47843
47844 47900
47901 48040
48041 48083
48084 48172
48173 48214
48215 48267
48268 48316
48317 48827
48829 48859
48860 48905
48906 48926
48927 48950
48951 48971
48972 49043
49044 49068
49069 49240
49241 49288
49289 49309
49310 49348
49349 49382
49383 49435
49436 49523
49525 49604
49605 49671
49672 49685
49686 49703
49704 49778
49779 49813
49814 49853
49854 49883
49884 49915
49916 49939
49940 50023
50024 50121
50122 50149
50150 50216
50217 50482
50483 50730
50731 51122
51123 51208
51209 51347
51348 51404
51405 51620
51621 51684
51686 51909
51910 51976
51977 52031
52032 52092
52093 52149
52150 52200
52201 52237
52238 52299
52300 52325
52326 52358
52359 52380
52381 52439
52440 52474
52475 52536
52537 52646
52647 52703
52704 52736
52739 53114
53115 53199
53200 53457
53458 53513
53514 53557
53558 53610
53611 53668
53669 53719
53720 53765
53766 53807
53808 53905
53906 53935
53936 53977
53978 54021
54022 54147
54148 54178
54179 54218
54219 54248
54249 54288
54289 54330
54331 54361
54362 54381
54382 54409
54410 54536
54537 54620
54621 54667
54668 54703
54704 54779
54780 54828
54829 54859
54860 54929
54930 54971
54972 55029
55030 55089
55090 55193
55194 55245
55246 55310
55311 56391
56392 56597
56598 56661
56662 56727
56728 56871
56872 56961
56962 57214
57215 57416
57417 57565
57566 57624
57625 57815
57816 57870
57871 58032
58033 58098
58099 58144
58145 58225
58226 58282
58283 58321
58322 58381
58382 58435
58436 58504
58505 58572
58573 58674
58675 58764
58765 58946
58947 59070
59071 59221
59222 59334
59335 59424
59425 59689
59690 59793
59796 59873
59875 59963
59964 60018
60019 60126
60127 60247
60248 60285
60286 60352
60353 60421
60422 60521
60522 60610
60611 60630
60631 60717
60718 60762
60763 60811
60812 60874
60875 60926
60927 60962
60963 60997
60998 61017
61018 61066
61067 61085
61086 61152
61153 61235
61236 61310
61311 61345
61346 61473
61474 61492
61493 61677
61678 61691
61694 61710
61712 61765
61766 61774
61775 61788
61789 61857
61858 61887
61888 61921
61922 62017
62018 62076
62077 62125
62126 62297
62299 62365
62366 62453
62454 62480
62481 62510
62511 62557
62558 62617
62618 62667
62668 62698
62699 62744
62745 62774
62775 62799
62800 62848
62849 62906
62907 63146
63147 63190
63191 63245
63246 63372
63373 63458
63459 63907
63908 63975
63976 64113
64114 64374
64375 64486
64487 64535
64536 64758
64759 64810
64811 64884
64885 64929
64930 65033
65034 65060
65061 65140
65141 65167
65168 65202
65203 65433
65434 65529
65530 65576
65577 65642
65643 65669
65670 65807
65808 65877
65878 66030
66031 66104
66105 66138
66139 66206
66207 66235
66236 66295
66296 66377
66378 66458
66459 66488
66489 66569
66570 66620
66621 66652
66653 66694
66695 66725
66726 66756
66757 66787
66788 66853
66854 66896
66897 66943
66944 67026
67027 67054
67055 67106
67107 67135
67136 67169
67170 67216
67217 67246
67247 67397
67398 67526
67527 67658
67659 67692
67693 67849
67850 67931
67932 68032
68033 68229
68230 68363
68366 68729
68730 68835
68836 68925
68926 69138
69139 69192
69193 69242
69243 69420
69421 69515
69516 69639
69640 69715
69716 70008
70009 70217
70218 70845
70846 70965
70966 71308
71309 71380
71381 71825
71826 71907
71908 71971
71972 72020
72021 72089
72090 72117
72118 72191
72192 72253
72254 72296
72297 72407
72408 72550
72551 72677
72678 72740
72741 72812
72813 73290
73291 73394
73395 73435
73436 73459
73460 73500
73501 73543
73544 73572
73573 73615
73616 73656
73657 73718
73719 73867
73868 73907
73908 73972
73973 74015
74016 74110
74111 74155
74156 74220
74221 74258
74259 74298
74299 74332
74333 74390
74391 74422
74423 74527
74528 74574
74575 74632
74633 74704
74705 74742
74743 74777
74778 74824
74825 74860
74861 75043
75044 75078
75079 75113
75114 75154
75155 75216
75217 75254
75255 75293
75294 75330
75331 75360
75361 75407
75408 75435
75436 75466
75467 75512
75513 75561
75562 75632
75633 75721
75722 75775
75776 75866
75867 75892
75893 75932
75933 76056
76057 76138
76139 76342
76343 76415
76416 76457
76458 76585
76586 76594
76595 77346
77347 77445
77446 77714
77715 78003
78004 78066
78067 78202
78203 78710
78712 78715
78716 78775
78776 78814
78815 79029
79030 79197
79198 79266
79267 79365
79366 79386
79387 79532
79533 79594
79595 79722
79723 79823
79824 79872
79873 79980
79981 80042
80043 80114
80115 80192
80193 80289
80290 80592
80593 80930
80931 81230
81231 81264
81267 81535
81536 81718
81719 81860
81861 81907
81908 81984
81985 82157
82158 82223
82224 82421
82422 82459
82460 82498
82500 82505
82506 82675
82676 82706
82707 82755
82756 82863
82864 82942
82943 83013
83014 83116
83117 83178
83179 83246
83247 83298
83299 83343
83344 83705
83706 83820
83821 83944
83945 84054
84055 84142
84143 84225
84226 84309
84310 84374
84375 84460
84461 84520
84521 84556
84557 84736
84737 84764
84765 84806
84807 84820
84821 84932
84933 85020
85021 85120
85121 85257
85258 85408
85409 85454
85455 85503
85504 85595
85596 85657
85658 85725
85726 85772
85773 85943
85944 86053
86054 86264
86265 86332
86333 86394
86395 86466
86467 87229
87230 87399
87400 87551
87552 87611
87612 87743
87744 87988
87989 88046
88047 88143
88144 88191
88192 88246
88247 88321
88322 88503
88504 88555
88556 88798
88799 88830
88831 88853
88854 88873
88874 88896
88897 88914
88915 89017
89018 89060
89061 89089
89090 89212
89213 89272
89273 89309
89310 89329
89330 89399
89400 89462
89463 89477
89478 89524
89525 89581
89582 89625
89626 89759
89760 89879
89880 89926
89927 90034
90035 90086
90087 90195
90196 90279
90280 90327
90328 90402
90403 90539
90540 90877
90878 91303
91304 91648
91649 91701
91702 91736
91737 92156
92157 92219
92220 92302
92303 93019
93020 93220
93221 93407
93408 93449
93450 93505
93506 93564
93565 93682
93683 93723
93724 93752
93753 93963
93964 94042
94043 94082
94083 94125
94126 94195
94196 94281
94282 94305
94306 94342
94343 94378
94379 94420
94421 94456
94457 94587
94588 94638
94639 94685
94686 94710
94711 94737
94738 94788
94789 94830
94831 94881
94882 94997
94998 95036
95037 95083
95084 95129
95130 95172
95173 95207
95208 95247
95248 95351
95352 95395
95396 95412
95413 95463
95464 95510
95511 95561
95562 95614
95615 95823
95824 95825
95826 95929
95930 95962
95963 96000
96001 96361
96362 96446
96447 96561
96562 96599
96600 96885
96886 96945
96946 97086
97087 97123
97124 97211
97212 97421
97422 97585
97586 97637
97638 97771
97772 97902
97903 98030
98033 98225
98226 98275
98276 98327
98328 98372
98373 98423
98424 98483
98484 98526
98527 98623
98624 98686
98687 98732
98733 98768
98769 98808
98809 98852
98853 98901
98902 98946
98947 99011
99012 99066
99067 99105
99106 99133
99134 99157
99158 99213
99214 99276
99277 99313
99314 99375
99376 99428
99429 99488
99489 99607
99608 99661
99662 99723
99724 99775
99776 99889
99890 99916
99917 99949
99950 100000
100001 100042
100043 100067
100068 100124
100125 100155
100156 100214
100215 100249
100250 100281
100282 100315
100316 100396
100397 100451
100452 100500
100501 100605
100606 100645
100646 100751
100752 100821
100822 100950
100951 101066
101067 101117
101118 101188
101189 101221
101222 101325
101326 101372
101373 101471
101472 101561
101562 101631
101632 101738
101739 101786
101787 101874
101875 101900
101901 101952
101953 101988
101989 102038
102039 102103
102104 102216
102217 102629
102630 102692
102693 102735
102736 102803
102804 102834
102835 102873
102874 102915
102916 103019
103020 103053
103054 103092
103093 103198
103199 103238
103239 103283
103284 103316
103317 103368
103369 103402
103403 103439
103440 103490
103491 103561
103562 103602
103603 103643
103644 103677
103678 103750
103751 103782
103783 103815
103816 103894
103895 103954
103955 104017
104018 104072
104073 104142
104143 104172
104173 104196
104197 104244
104245 104459
104460 104492
104493 104543
104544 104593
104594 104685
104686 104739
104740 104787
104788 104822
104823 104914
104915 104986
104987 105050
105051 105232
105233 105340
105341 105388
105389 105510
105511 105573
105574 105631
105632 105728
105729 105763
105764 105820
105821 105867
105868 105912
105913 105953
105954 106032
106033 106150
106151 106172
106173 106279
106280 106366
106367 106476
106477 106510
106511 106574
106575 106660
106661 106688
106689 106711
106712 106779
106780 106830
106831 106872
106873 106899
106900 106923
106924 106947
106948 107029
107030 107085
107086 107202
107203 107290
107291 107329
107330 107355
107356 107386
107387 107413
107414 107460
107461 107502
107503 107558
107559 107594
107595 107643
107644 107690
107691 107724
107725 107754
107755 107819
107820 107860
107861 108053
108054 108143
108144 108203
108204 108226
108227 108256
108257 108265
108266 108274
108275 108283
108284 108292
108293 108301
108302 108318
108319 108365
108366 108389
108390 108446
108447 108463
108464 108498
108499 108566
108567 108729
108730 108827
108828 108904
108905 108975
108976 109107
109108 109224
109225 109247
109248 109296
109297 109331
109332 109360
109361 109479
109480 109512
109513 109571
109572 109613
109614 109674
109675 109738
109739 109793
109794 109857
109858 110208
110209 110278
110279 110321
110322 110379
110380 110434
110435 110522
110523 110565
110566 110620
110621 110737
110738 110790
110791 110885
110886 110926
110927 111072
111073 111245
111246 111330
111331 111457
111458 111530
111531 111559
111560 111585
111586 111630
111631 111680
111681 111726
111727 111843
111844 111906
111907 111957
111958 112052
112053 112247
112248 112502
112503 112554
112555 112600
112601 112643
112644 112680
112681 112710
112711 112740
112741 112771
112772 112815
112816 112858
112859 112906
112907 112946
112947 112989
112990 113113
113114 113156
113157 113199
113200 113225
113226 113269
113270 113299
113300 113334
113335 113452
113453 113495
113496 113539
113540 113583
113584 113627
113628 113670
113671 113694
113695 113713
113714 113756
113757 113799
113800 113842
113843 114115
114116 114256
114257 114312
114313 114380
114381 114449
114450 114540
114541 114600
114601 114691
114692 114808
114809 114914
114915 115027
115028 115076
115077 115107
115108 115132
115133 115296
115297 115376
115377 115499
115500 115808
115809 116030
116031 116091
116092 116202
116203 116329
116330 116444
116445 116533
116534 116574
116575 116656
116657 116730
116731 116762
116763 116912
116913 116960
116961 117058
117059 117230
117231 117259
117260 117301
117302 117336
117337 117366
117367 117534
117535 117608
117609 117676
117677 117813
117814 117855
117856 117901
117902 117938
117939 118159
118160 118277
118278 118353
118354 118415
118416 118622
118623 118733
118734 118804
118805 118880
118881 118934
118935 119053
119054 119112
119113 119162
119163 119181
119182 119226
119227 119482
119483 119545
119546 119595
119596 119623
119624 119650
119651 119771
119773 119776
119777 119817
119818 119889
119890 119897
119898 119935
119936 120054
120055 120153
120154 120199
120200 120317
120318 120444
120445 120549
120550 120603
120604 120750
120751 120821
120822 120889
120890 120955
120956 121235
121236 121427
121428 121845
121846 121901
121902 122102
122103 122643
122644 122878
122879 122984
122989 122990
122995 123783
123784 123875
123876 123927
123928 123973
123974 124010
124011 124082
124083 124187
124188 124330
124331 124445
124448 129714
