0 1844
1845 5599
5601 8542
8543 10009
10010 11579
11581 16911
16912 18754
18755 19487
19488 19786
19787 22507
22508 23003
23004 29276
29277 31330
31331 33083
33084 35393
35395 36201
36202 37089
37090 38088
38090 39861
39862 45773
45774 49609
49611 55589
55591 59151
59152 63612
63614 66725
66727 75276
75277 77019
77020 77519
77520 80328
80329 82210
82212 86519
86520 91937
91938 94295
94296 100443
100445 105961
105962 110473
110474 115257
115258 116170
116171 118165
118166 122687
122688 123236
123237 125599
125600 126404
126405 126855
126856 127706
127707 129921
129924 132095
132096 133226
133227 134689
134697 136397
136398 138275
138276 140996
140998 143411
143412 144155
144156 148777
