0 1434
1435 4776
4778 8149
8150 9133
9134 10855
10856 13452
13453 17165
17167 19163
19165 19522
19523 22258
22259 22774
22775 27606
27609 30495
30496 32432
32433 34358
34359 35964
35965 36553
36554 37516
37517 38306
38307 40176
40178 45773
45774 50230
50234 55819
55821 59561
59563 63612
63614 66725
66727 75276
75277 77019
77020 77557
77558 80538
80539 83252
83254 88244
88247 92531
92532 96003
96004 103105
103107 106499
106500 110473
110474 115257
115258 116170
116171 118165
118166 122666
122667 123197
123198 124563
124566 126452
126453 126996
126997 128086
128087 130948
130949 133036
133038 134689
134697 136397
136398 138275
138276 140996
140998 143356
143357 144155
144156 148777
