0 2702
2704 7324
7325 9049
9050 10297
10298 13452
13453 17755
17756 19163
19165 19470
19471 19792
19793 22560
22561 23074
23075 28281
28282 31192
31193 32941
32942 34779
34780 36053
36054 36712
36713 37711
37712 38894
38897 43053
43054 50230
50234 55907
55909 59227
59228 63641
63642 66725
66727 75338
75339 77040
77041 77508
77509 80328
80329 81437
81438 86519
86520 92092
92093 94529
94530 101073
101074 106204
106205 111869
111870 115729
115730 116312
116313 121799
121801 122968
122969 124420
124422 126263
126264 126641
126642 126996
126997 127873
127874 129197
129198 132021
132023 133179
133180 134689
134697 135847
135848 138204
138205 140163
140164 143009
143011 144155
144156 148777
