0 1273
1276 5599
5601 8149
8150 9133
9134 10855
10856 13433
13434 17752
17753 19274
19275 19559
19560 22258
22259 22702
22703 23173
23174 29276
29277 30495
30496 32432
32433 34358
34359 36053
36054 36950
36951 38062
38063 40176
40178 45773
45774 50077
50080 55819
55821 59561
59563 63612
63614 66725
66727 75276
75277 76273
76274 77289
77290 79333
79336 81112
81113 85747
85750 91169
91170 92719
92720 98476
98477 103385
103386 109954
109956 114270
114272 115921
115922 116880
116882 122527
122528 123109
123110 124563
124566 126357
126358 126712
126713 127541
127542 129921
129924 132605
132606 133443
133444 135298
135300 138238
138239 140996
140998 143411
143412 144155
144156 148777
