0 1273
1276 4566
4567 8002
8003 9133
9134 10906
10908 16529
16530 18600
18601 19434
19435 19786
19787 22490
22491 23003
23004 27985
27986 30495
30496 32432
32433 34358
34359 35889
35890 36553
36554 37516
37517 38306
38307 40176
40178 45773
45774 49609
49611 55565
55567 58378
58379 62650
62651 65788
65789 75061
75062 77000
77001 77557
77558 80586
80587 83252
83254 88244
88247 92531
92532 95958
95959 103042
103044 106499
106500 110473
110474 115257
115258 116170
116171 118165
118166 122626
122627 123066
123067 124420
124422 126452
126453 126996
126997 128015
128016 130799
130800 133036
133038 134689
134697 136397
136398 138275
138276 140996
140998 143411
143412 144155
144156 148777
