0 1844
1845 4776
4778 8278
8279 9184
9185 10906
10908 13908
13909 17752
17753 19274
19275 19559
19560 22258
22259 22738
22739 27606
27609 30495
30496 32432
32433 34417
34418 36053
36054 36950
36951 37942
37943 39429
39430 45773
45774 50077
50080 55733
55734 59151
59152 63612
63614 66725
66727 75276
75277 77019
77020 77519
77520 80328
80329 82210
82212 86634
86636 91937
91938 94295
94296 100443
100445 106152
106153 110473
110474 115257
115258 116170
116171 118165
118166 122666
122667 123197
123198 125599
125600 126404
126405 126855
126856 127706
127707 129921
129924 132165
132167 133226
133227 134689
134697 136397
136398 138275
138276 140996
140998 143411
143412 144155
144156 148777
