0 1273
1276 4566
4567 8149
8150 9102
9103 10796
10797 13399
13401 16529
16530 19163
19165 19470
19471 19752
19753 22507
22508 23003
23004 28281
28282 30844
30845 32796
32797 35356
35357 36136
36137 37052
37053 38062
38063 40176
40178 45773
45774 50077
50080 55565
55567 58283
58287 62684
62685 65788
65789 74952
74953 77000
77001 77477
77478 79419
79420 81327
81328 85747
85750 89986
89987 92531
92532 100074
100075 104923
104924 110473
110474 115257
115258 116406
116407 121799
121801 123109
123110 124664
124665 126333
126334 126665
126666 127091
127092 127873
127874 129197
129198 132165
132167 133298
133300 134807
134808 137763
137764 140163
140164 143009
143011 144130
144131 148777
