0 954
955 4566
4567 8002
8003 9102
9103 10906
10908 16529
16530 18523
18524 19399
19400 19786
19787 22365
22366 23003
23004 28281
28282 30773
30774 32437
32438 34683
34684 36053
36054 36950
36951 37973
37974 38415
38416 40176
40178 45773
45774 48912
48913 51841
51842 58008
58009 62075
62076 64451
64452 74952
74953 76988
76989 77613
77614 80951
80952 85773
85775 89986
89987 92780
92782 96003
96004 103042
103044 106499
106500 110473
110474 115257
115258 116143
116144 118165
118166 122706
122707 123109
123110 124420
124422 126523
126524 127091
127092 127897
127898 130799
130800 133179
133180 134807
134808 136397
136398 138275
138276 140996
140998 143647
143648 144155
144156 148777
