0 1273
1276 4566
4567 8278
8279 9159
9160 10906
10908 16529
16530 18216
18217 19364
19365 19786
19787 22490
22491 22824
22825 27622
27624 30495
30496 32432
32433 34358
34359 36053
36054 36995
36996 37973
37974 39861
39862 45773
45774 50230
50234 55807
55809 58654
58655 62650
62651 65984
65985 75061
75062 77000
77001 77519
77520 80328
80329 81437
81438 85773
85775 89833
89834 92780
92782 96003
96004 103042
103044 106312
106313 110473
110474 115577
115578 116312
116313 121799
121801 122987
122988 124420
124422 126310
126311 126665
126666 127185
127186 128133
128134 130948
130949 133036
133038 134689
134697 136922
136923 138434
138435 140996
140998 143411
143412 144227
144228 148777
