0 132
135 163
164 449
450 461
462 519
520 753
754 795
796 824
825 901
902 954
955 1273
1276 1339
1340 1434
1435 1759
1760 1844
1845 1982
1983 2039
2040 2168
2169 2261
2262 2702
2704 2717
2718 3845
3848 3916
3917 3985
3986 4125
4126 4193
4194 4338
4339 4395
4396 4429
4430 4488
4489 4519
4520 4566
4567 4776
4778 4790
4792 5599
5601 5650
5655 6115
6118 6133
6134 6837
6838 7304
7305 7324
7325 7332
7334 7443
7444 7654
7655 7833
7834 8002
8003 8149
8150 8278
8279 8322
8323 8367
8368 8454
8455 8498
8499 8542
8543 8587
8588 8632
8633 8655
8656 8737
8738 8824
8825 8962
8963 9006
9007 9049
9050 9089
9090 9102
9103 9133
9134 9159
9160 9184
9185 9211
9212 9228
9229 9253
9254 9512
9515 9660
9663 10009
10010 10047
10048 10087
10088 10157
10158 10183
10185 10263
10265 10297
10298 10331
10332 10395
10396 10611
10612 10796
10797 10855
10856 10906
10908 10936
10941 11127
11128 11193
11194 11241
11242 11289
11290 11361
11362 11579
11581 11622
11624 11890
11891 12042
12043 12257
12258 13399
13401 13433
13434 13452
13453 13656
13657 13761
13762 13908
13909 14058
14059 14149
14151 14614
14617 14710
14711 16342
16345 16367
16370 16510
16512 16529
16530 16911
16912 17131
17132 17165
17167 17291
17292 17550
17551 17605
17606 17671
17672 17752
17753 17755
17756 17832
17833 17909
17910 17987
17988 18065
18066 18139
18140 18216
18217 18294
18295 18370
18371 18523
18524 18600
18601 18677
18678 18754
18755 19163
19165 19221
19222 19230
19231 19239
19240 19257
19258 19274
19275 19301
19302 19311
19312 19329
19330 19346
19347 19364
19365 19381
19382 19399
19400 19416
19417 19434
19435 19452
19453 19461
19462 19470
19471 19487
19488 19505
19506 19515
19516 19522
19523 19541
19542 19559
19560 19576
19577 19594
19595 19612
19613 19629
19630 19647
19648 19664
19665 19683
19684 19700
19701 19716
19717 19733
19734 19752
19753 19769
19770 19786
19787 19792
19793 20356
20357 20926
20927 21210
21211 22241
22246 22258
22259 22312
22313 22356
22357 22365
22366 22382
22383 22401
22402 22410
22411 22436
22437 22453
22454 22490
22491 22507
22508 22524
22525 22543
22544 22560
22561 22577
22578 22595
22596 22613
22614 22667
22668 22676
22677 22702
22703 22720
22721 22738
22739 22755
22756 22774
22775 22791
22792 22809
22810 22824
22825 22861
22862 23003
23004 23012
23013 23056
23058 23074
23075 23130
23133 23173
23174 23339
23340 23385
23386 24253
24254 24302
24303 24681
24685 24792
24795 27606
27609 27622
27624 27985
27986 28061
28062 28281
28282 28473
28474 29276
29277 29313
29314 29773
29774 29850
29854 30041
30042 30049
30051 30310
30311 30323
30324 30329
30330 30488
30490 30495
30496 30634
30635 30773
30774 30844
30845 30912
30913 31053
31054 31192
31193 31259
31260 31330
31331 31469
31470 31569
31570 31748
31749 31887
31888 32042
32043 32166
32167 32235
32236 32277
32278 32317
32318 32355
32356 32394
32395 32432
32433 32437
32438 32501
32504 32754
32755 32796
32797 32941
32942 33051
33052 33083
33084 33209
33210 33249
33250 33298
33299 33374
33375 33431
33432 33570
33571 33631
33632 33725
33726 33860
33861 33926
33927 33988
33989 34358
34359 34417
34418 34683
34684 34779
34780 34884
34885 34990
34991 35356
35357 35393
35395 35504
35505 35543
35544 35582
35583 35624
35625 35670
35671 35701
35702 35734
35735 35811
35812 35842
35843 35889
35890 35921
35922 35964
35965 36038
36039 36053
36054 36077
36078 36096
36097 36113
36114 36136
36137 36181
36182 36201
36202 36224
36225 36245
36246 36284
36285 36308
36309 36375
36376 36411
36412 36429
36430 36481
36482 36514
36515 36553
36554 36674
36675 36712
36713 36769
36770 36950
36951 36974
36975 36995
36996 37033
37034 37052
37053 37089
37090 37128
37129 37199
37200 37225
37226 37303
37304 37341
37342 37384
37385 37439
37440 37516
37517 37609
37610 37633
37634 37711
37712 37730
37731 37777
37779 37898
37899 37919
37920 37942
37943 37973
37974 38062
38063 38088
38090 38105
38107 38189
38190 38197
38198 38233
38234 38258
38259 38306
38307 38415
38416 38555
38556 38583
38584 38894
38897 38941
38942 39085
39089 39209
39210 39243
39244 39287
39288 39429
39430 39603
39604 39698
39699 39861
39862 40176
40178 40216
40217 40249
40250 40292
40293 40481
40482 40756
40759 40829
40831 41039
41041 41081
41082 43001
43003 43053
43054 43187
43188 43530
43531 44834
44835 45333
45334 45773
45774 45843
45844 45882
45883 45901
45902 45915
45916 46115
46116 46138
46139 46195
46196 46246
46247 46354
46355 47721
47722 48879
48880 48898
48899 48912
48913 49192
49193 49219
49220 49284
49285 49559
49560 49588
49589 49609
49611 50077
50080 50230
50234 50474
50475 50589
50590 50930
50931 51122
51123 51369
51370 51656
51657 51841
51842 52167
52168 52631
52632 52737
52738 54579
54581 54623
54624 54920
54921 55054
55055 55144
55145 55565
55567 55589
55591 55733
55734 55807
55809 55819
55821 55907
55909 56066
56067 56547
56548 56633
56634 56898
56901 56921
56924 57036
57037 57124
57125 57188
57189 57388
57389 57682
57683 58008
58009 58152
58154 58283
58287 58378
58379 58654
58655 59024
59025 59151
59152 59227
59228 59477
59478 59561
59563 59575
59577 59981
59982 60258
60259 60584
60585 60823
60824 60948
60949 61001
61002 61041
61042 61740
61741 61848
61849 62075
62076 62650
62651 62684
62685 62897
62898 62907
62910 63526
63529 63612
63614 63641
63642 63735
63736 63826
63827 63922
63923 64014
64015 64052
64053 64225
64226 64334
64335 64429
64430 64451
64452 64547
64548 64595
64596 64671
64672 65175
65176 65688
65689 65788
65789 65984
65985 66104
66105 66154
66155 66725
66727 66737
66739 69998
69999 71276
71278 71619
71621 73795
73796 74155
74158 74191
74192 74277
74278 74478
74479 74547
74548 74688
74689 74903
74904 74935
74936 74952
74953 74999
75000 75061
75062 75124
75125 75276
75277 75338
75339 75670
75671 75993
75994 76003
76004 76045
76046 76055
76056 76086
76087 76107
76108 76127
76128 76169
76170 76201
76202 76211
76212 76226
76227 76273
76274 76334
76335 76660
76662 76988
76989 77000
77001 77019
77020 77040
77041 77061
77062 77081
77082 77123
77124 77134
77135 77145
77146 77155
77156 77165
77166 77185
77186 77206
77207 77248
77249 77289
77290 77331
77332 77373
77374 77383
77384 77435
77436 77446
77447 77456
77457 77477
77478 77488
77489 77508
77509 77519
77520 77557
77558 77613
77614 77653
77654 77747
77748 77813
77817 77875
77876 78111
78114 79321
79323 79333
79336 79385
79386 79419
79420 79476
79477 79564
79565 79633
79635 79775
79776 80283
80284 80328
80329 80396
80397 80538
80539 80586
80587 80702
80703 80730
80731 80824
80825 80881
80882 80914
80915 80951
80952 81034
81035 81112
81113 81142
81143 81220
81221 81297
81298 81327
81328 81357
81358 81437
81438 82210
82212 82336
82337 82539
82540 82781
82782 82997
82998 83239
83241 83252
83254 83379
83380 83702
83703 84106
84107 84599
84600 84779
84780 84842
84843 85114
85115 85747
85750 85773
85775 86152
86153 86419
86420 86469
86470 86519
86520 86634
86636 86648
86650 86697
86698 87761
87762 87934
87936 88244
88247 88290
88291 88390
88391 89308
89309 89376
89377 89833
89834 89986
89987 91169
91170 91330
91332 91499
91501 91542
91544 91843
91844 91937
91938 92027
92029 92092
92093 92118
92119 92182
92183 92348
92349 92480
92483 92531
92532 92616
92617 92719
92720 92766
92768 92780
92782 93204
93205 93272
93273 93310
93311 93364
93365 93439
93440 93516
93517 93874
93875 94295
94296 94447
94448 94529
94530 94707
94708 95529
95530 95703
95704 95771
95772 95958
95959 95986
95987 96003
96004 96053
96054 96290
96291 98476
98477 98479
98480 99382
99383 99649
99650 99835
99836 100074
100075 100178
100179 100443
100445 100519
100524 101073
101074 101171
101172 101344
101345 101537
101538 103042
103044 103105
103107 103385
103386 103496
103497 103632
103633 104141
104142 104336
104337 104535
104536 104923
104924 105070
105071 105475
105476 105593
105594 105785
105786 105961
105962 106152
106153 106204
106205 106312
106313 106499
106500 106509
106511 106739
106740 107041
107042 107262
107263 107386
107387 107547
107548 107754
107755 107795
107796 108591
108592 108906
108907 109500
109501 109756
109757 109954
109956 109967
109970 110053
110056 110360
110363 110473
110474 110505
110507 111869
111870 111895
111897 113247
113248 113276
113278 113313
113314 113409
113410 113458
113459 113560
113561 113935
113936 114219
114220 114270
114272 114557
114560 114581
114585 115247
115248 115257
115258 115572
115574 115577
115578 115610
115611 115631
115632 115650
115651 115677
115678 115729
115730 115745
115746 115763
115764 115838
115839 115863
115864 115887
115889 115921
115922 116044
116045 116064
116065 116104
116105 116143
116144 116170
116171 116178
116179 116187
116188 116198
116199 116207
116208 116227
116228 116287
116288 116312
116313 116406
116407 116435
116436 116446
116447 116653
116654 116716
116717 116816
116817 116880
116882 117142
117143 117184
117185 117195
117196 118165
118166 118892
118893 118969
118970 119531
119532 121526
121532 121649
121650 121697
121698 121744
121745 121786
121788 121799
121801 122088
122089 122481
122482 122506
122507 122527
122528 122548
122549 122626
122627 122666
122667 122687
122688 122706
122707 122746
122747 122778
122779 122828
122829 122866
122867 122880
122882 122906
122907 122925
122926 122947
122948 122968
122969 122987
122988 123027
123028 123045
123046 123066
123067 123109
123110 123135
123136 123197
123198 123236
123237 123256
123257 123275
123276 123374
123376 123464
123465 123497
123498 123542
123543 123579
123580 123885
123886 124128
124129 124175
124176 124310
124311 124420
124422 124563
124566 124664
124665 125552
125553 125599
125600 125648
125649 125694
125695 125741
125742 125789
125790 125836
125837 125883
125884 125931
125932 125978
125979 126026
126027 126073
126074 126120
126121 126168
126169 126215
126216 126263
126264 126310
126311 126333
126334 126357
126358 126381
126382 126404
126405 126428
126429 126452
126453 126476
126477 126499
126500 126523
126524 126547
126548 126570
126571 126594
126595 126618
126619 126641
126642 126665
126666 126689
126690 126712
126713 126736
126737 126760
126761 126784
126785 126807
126808 126831
126832 126855
126856 126878
126879 126902
126903 126925
126926 126949
126950 126972
126973 126996
126997 127020
127021 127091
127092 127139
127140 127185
127186 127233
127234 127305
127306 127327
127328 127351
127352 127469
127470 127517
127518 127541
127542 127565
127566 127660
127661 127706
127707 127755
127756 127827
127828 127873
127874 127897
127898 127944
127945 128015
128016 128063
128064 128086
128087 128133
128134 128158
128159 128228
128229 128275
128276 128323
128324 128400
128401 128560
128561 129137
129138 129150
129151 129175
129176 129197
129198 129921
129924 130319
130320 130495
130496 130591
130592 130622
130623 130718
130719 130799
130800 130836
130837 130939
130940 130948
130949 131296
131297 131847
131848 131863
131864 131877
131878 131907
131909 131974
131975 131989
131990 132021
132023 132095
132096 132165
132167 132340
132342 132380
132381 132453
132454 132520
132521 132605
132606 132632
132633 132704
132706 132750
132751 132771
132772 132844
132845 132857
132858 132917
132918 133036
133038 133074
133075 133154
133155 133179
133180 133203
133204 133226
133227 133251
133252 133273
133274 133298
133300 133323
133324 133347
133348 133371
133372 133418
133420 133443
133444 133485
133487 133598
133599 134027
134028 134051
134052 134075
134076 134099
134100 134123
134124 134147
134149 134315
134317 134340
134341 134689
134697 134732
134733 134807
134808 134905
134906 134987
134988 135109
135110 135159
135160 135207
135208 135298
135300 135346
135347 135478
135479 135495
135496 135575
135576 135738
135739 135847
135848 135972
135973 136229
136230 136397
136398 136556
136557 136739
136740 136865
136866 136922
136923 137027
137028 137123
137124 137210
137211 137252
137253 137763
137764 137902
137903 138012
138013 138071
138072 138204
138205 138238
138239 138242
138243 138244
138245 138275
138276 138334
138335 138434
138435 138473
138474 138511
138512 138699
138700 139068
139069 139326
139327 139621
139622 139767
139768 139952
139953 139989
139990 140033
140034 140061
140062 140108
140109 140163
140164 140288
140289 140396
140397 140506
140507 140830
140833 140996
140998 141212
141213 141252
141253 141301
141302 142119
142124 142333
142334 142496
142497 142599
142602 142631
142633 142727
142728 142785
142786 142830
142831 142930
142931 143009
143011 143356
143357 143409
143410 143411
143412 143455
143456 143508
143509 143553
143554 143603
143604 143647
143648 143698
143699 143700
143701 143744
143745 143762
143763 143839
143840 143887
143888 143889
143890 143937
143938 143984
143985 144033
144034 144061
144062 144130
144131 144153
144154 144155
144156 144227
144228 144287
144288 144323
144324 144363
144364 144421
144422 144460
144461 144518
144519 144571
144572 144616
144617 144670
144671 144712
144713 144740
144741 144808
144809 144819
144820 144904
144905 144949
144950 145049
145050 148634
148635 148766
148769 148777
