0 3830
3831 5331
5332 6906
6907 8163
8164 9321
9322 10259
10260 10910
10911 11791
11792 12311
12312 14086
14087 17703
17704 18655
18656 19586
19587 20611
20612 22348
22349 23318
23319 24997
24998 25942
25943 26847
26848 29080
29081 30450
30451 32521
32522 33678
33679 34733
34734 35612
35613 36624
36625 38353
38354 39653
39654 40907
40908 41421
41422 42096
42097 42452
42453 43436
43437 45071
45072 46169
46170 47762
47763 48678
48679 49473
49474 50705
50706 52697
52698 54186
54187 56764
56765 58306
58307 59553
59555 60650
60651 62752
62753 65280
65281 66505
66506 67820
67821 69402
69403 70729
70880 73984
