0 4363
4364 6461
6462 8163
8164 9441
9442 10446
10447 11189
11190 12172
12173 14251
14252 17703
17704 18748
18749 19586
19587 20611
20612 22189
22190 23118
23119 25213
25214 26524
26525 27965
27966 29179
29180 29945
29946 30703
30704 32593
32594 33830
33831 34836
34837 35765
35766 36758
36759 38353
38354 39597
39598 40455
40456 41260
41261 42032
42033 42606
42607 43774
43775 45384
45385 46571
46572 47841
47920 49024
49025 50411
50412 52136
52137 53750
53751 56132
56133 58219
58220 59553
59555 60650
60651 62151
62152 64453
64454 65737
65738 66918
66919 67468
67469 68886
68887 69637
69638 70988
70989 73984
