0.000000000000000000e+00
6.000000000000000000e+00
2.000000000000000000e+01
3.200000000000000000e+01
5.100000000000000000e+01
6.000000000000000000e+01
7.300000000000000000e+01
8.300000000000000000e+01
9.500000000000000000e+01
1.050000000000000000e+02
1.150000000000000000e+02
1.250000000000000000e+02
1.370000000000000000e+02
1.480000000000000000e+02
1.580000000000000000e+02
1.680000000000000000e+02
1.760000000000000000e+02
1.840000000000000000e+02
1.910000000000000000e+02
2.010000000000000000e+02
2.110000000000000000e+02
2.240000000000000000e+02
2.380000000000000000e+02
2.490000000000000000e+02
2.600000000000000000e+02
2.680000000000000000e+02
2.780000000000000000e+02
2.860000000000000000e+02
2.960000000000000000e+02
3.050000000000000000e+02
3.150000000000000000e+02
3.250000000000000000e+02
3.320000000000000000e+02
3.380000000000000000e+02
3.490000000000000000e+02
3.590000000000000000e+02
3.710000000000000000e+02
3.810000000000000000e+02
3.930000000000000000e+02
4.020000000000000000e+02
4.110000000000000000e+02
4.200000000000000000e+02
4.290000000000000000e+02
4.390000000000000000e+02
4.450000000000000000e+02
4.550000000000000000e+02
4.620000000000000000e+02
4.690000000000000000e+02
4.770000000000000000e+02
4.850000000000000000e+02
4.960000000000000000e+02
5.060000000000000000e+02
5.150000000000000000e+02
5.260000000000000000e+02
