0 4216
4217 6208
6209 8163
8164 9321
9322 10259
10260 11060
11061 12072
12073 14168
14169 17591
17592 18655
18656 19586
19587 20611
20612 22189
22190 23038
23039 24997
24998 26326
26327 27965
27966 29323
29324 30090
30091 32267
32268 32741
32742 34161
34162 34936
34937 35985
35986 36758
36759 38353
38354 39524
39525 40455
40456 41060
41061 41622
41623 42377
42378 43436
43437 44368
44369 45686
45687 46714
46715 48150
48151 49105
49106 50705
50706 53099
53100 54651
54652 56478
56479 58219
58220 59492
59493 60650
60651 61926
61927 64602
64603 66105
66106 67287
67288 68804
68805 69798
69799 71222
71223 73984
