0 4363
4364 6208
6209 8056
8057 9216
9217 10259
10260 11060
11061 12072
12073 14168
14169 17703
17704 18748
18749 19586
19587 20611
20612 22189
22190 23038
23039 25213
25214 26326
26327 27965
27966 29388
29389 30450
30451 32340
32341 33085
33086 34161
34162 34936
34937 35985
35986 36929
36930 38610
38611 39942
39943 40934
40935 41421
41422 42096
42097 42542
42543 43436
43437 44202
44203 45854
45855 46849
46850 48497
48498 49473
49474 50794
50795 52357
52358 53750
53751 56132
56133 58306
58307 59553
59555 60650
60651 62012
62013 64602
64603 66105
66106 67211
67212 68256
68257 69476
69477 70729
70880 73984
