0 3461
3462 5109
5110 6906
6907 8163
8164 9321
9322 10259
10260 10910
10911 11702
11703 12311
12312 14168
14169 17703
17704 18748
18749 19586
19587 20611
20612 22189
22190 23038
23039 25213
25214 26524
26525 27965
27966 29566
29567 30450
30451 32521
32522 33678
33679 34630
34631 35275
35276 36238
36239 37557
37558 39653
39654 40907
40908 41421
41422 42167
42168 42676
42677 43844
43845 45384
45385 46447
46448 47841
47920 48904
48905 50006
50007 51657
51658 53356
53357 54186
54187 56851
56852 58393
58394 59553
59555 60650
60651 62752
62753 65280
65281 66505
66506 67820
67821 69476
69477 70729
70880 73984
