0 4363
4364 6461
6462 8163
8164 9441
9442 10349
10350 11060
11061 12072
12073 14086
14087 17500
17501 18655
18656 19586
19587 20611
20612 22114
22115 23038
23039 25213
25214 26524
26525 27965
27966 29179
29180 29945
29946 30703
30704 32593
32594 33830
33831 34836
34837 35883
35884 36929
36930 38610
38611 39653
39654 40602
40603 41320
41321 42119
42120 42676
42677 43774
43775 45243
45244 46571
46572 48150
48151 49266
49267 50705
50706 52434
52435 54186
54187 56478
56479 58306
58307 59553
59555 60650
60651 62151
62152 64453
64454 65850
65851 67037
67038 67502
67503 68886
68887 69798
69799 71073
71074 73984
