0 3461
3462 6208
6209 8163
8164 10349
10350 11060
11061 12311
12312 14393
14394 17703
17704 18748
18749 19586
19587 21064
21065 22348
22349 23318
23319 25490
25491 26847
26848 27965
27966 29033
29034 29566
29567 30090
30091 32267
32268 33678
33679 34936
34937 35985
35986 37063
37064 38479
38480 39653
39654 40455
40456 41421
41422 42203
42204 43436
43437 44202
44203 45384
45385 46655
46656 48150
48151 49266
49267 50705
50706 52697
52698 54186
54187 56351
56352 58219
58220 59213
59214 60516
60517 61335
61336 63504
63505 64602
64603 65658
65659 66505
66506 67321
67322 68691
68692 69610
69611 70729
70880 73984
