0 3830
3831 5331
5332 7073
7074 8407
8408 9441
9442 10349
10350 11125
11126 12072
12073 14086
14087 17703
17704 18825
18826 20266
20267 22189
22190 23318
23319 25490
25491 26847
26848 28100
28101 29080
29081 29945
29946 30703
30704 32593
32594 33830
33831 34936
34937 36061
36062 37732
37875 39174
39175 39942
39943 40455
40456 41060
41061 41622
41623 42377
42378 43544
43545 44707
44708 46169
46170 47841
47920 49266
49267 50705
50706 53099
53100 54651
54652 56851
56852 58705
58706 59938
59939 61243
61244 62752
62753 64453
64454 65850
65851 67037
67038 67611
67612 69144
69145 69973
69974 71073
71074 73984
