0 3175
3176 4849
4850 6059
6060 7960
7961 8546
8547 9321
9322 9692
9693 10349
10350 11060
11061 12049
12050 13199
13200 14086
14087 17703
17704 18655
18656 19586
19587 20611
20612 22348
22349 23318
23319 24997
24998 25942
25943 26847
26848 29033
29034 30450
30451 32521
32522 33678
33679 35200
35201 36432
36433 38353
38354 39653
39654 40907
40908 41320
41321 41976
41977 42452
42453 43436
43437 45071
45072 46169
46170 47762
47763 48678
48679 49473
49474 50705
50706 52697
52698 54186
54187 56851
56852 58219
58220 59553
59555 60516
60517 61926
61927 64170
64171 66415
66416 68691
68692 70729
70880 73984
