0 649
650 2354
2356 3175
3176 4529
4530 5331
5332 6461
6462 7319
7320 8163
8164 10259
10260 12311
12312 13199
13200 16243
16244 17135
17136 18512
18513 20333
20334 23318
23319 24793
24794 26326
26327 26847
26848 27965
27966 30450
30451 31643
31644 32521
32522 33085
33086 33678
33679 37063
37064 37557
37558 40455
40456 42841
42842 44368
44369 45243
45244 47546
47547 48421
48422 49473
49474 52357
52358 53356
53357 56132
56133 57958
57959 59213
59214 60516
60517 61821
61822 62752
62753 64170
64171 66105
66106 66415
66416 67211
67212 68256
68257 69259
69260 70105
70106 70729
70880 72331
72405 73984
