0 1580
1581 2945
2946 4882
4913 5807
5808 6924
6925 7730
7731 8804
8805 9127
9128 10731
10732 13238
13239 16593
16594 17414
17415 19073
19074 20202
20203 20959
20960 22150
22151 22971
22972 23527
23528 24239
24240 24924
24925 25150
25151 25888
25889 27890
27926 29175
29176 30163
30164 31467
31468 32921
32922 35917
35918 37053
37054 37981
37982 41185
41186 42997
42998 45129
45130 46213
46214 47378
47379 48391
48392 49357
49368 49764
49765 51130
51131 52674
52675 53555
53556 55099
55100 56266
56267 57555
57556 59004
59005 60693
60694 61775
61776 63858
63859 64940
65084 66451
66452 68269
68298 69682
69716 73354
