0 2218
2219 3856
3906 5536
5604 6780
6781 7730
7731 8732
8733 9127
9128 10281
10282 11838
11839 13238
13239 16250
16251 17512
17513 19214
19215 20321
20322 21240
21241 22274
22275 23248
23249 24162
24162 24924
24925 25493
25494 26846
26847 27890
27926 29175
29176 30163
30164 31467
31468 32921
32922 34799
34848 37053
37054 37981
37982 40970
40971 42640
42641 45129
45130 46213
46214 47378
47379 48391
48392 49130
49131 49764
49765 50844
50845 52336
52337 53214
53215 54136
54137 55273
55274 56153
56154 57555
57556 59004
59005 60693
60694 62053
62054 63858
63859 64940
65084 66451
66452 68380
68381 69682
69716 73354
