0 2349
2350 3856
3906 4882
4913 5807
5808 7253
7254 8480
8481 9127
9128 10731
10732 13028
13029 16250
16251 17414
17415 19073
19074 20202
20203 21383
21384 22150
22151 22729
22730 23248
23249 23851
23852 24586
24587 24972
24973 25150
25151 25888
25889 27525
27526 28744
28745 30049
30050 30997
30998 32659
32660 35917
35918 37053
37054 37832
37833 41185
41186 42459
42460 45129
45130 46213
46214 47378
47379 48391
48392 49130
49131 49764
49765 51627
51628 52674
52675 53671
53672 55099
55100 56266
56267 57897
57898 59004
59005 60693
60694 61488
61489 62809
62810 64940
65084 66155
66156 68380
68381 69682
69716 73354
