0 1580
1581 3374
3375 4632
4633 5807
5808 6780
6781 7730
7731 8804
8805 9545
9546 10281
10282 13028
13029 16250
16251 17512
17513 19754
19755 20959
20960 22274
22275 23248
23249 23931
23931 24687
24688 25150
25151 26608
26609 27761
27762 28557
28558 29541
29542 30997
30998 32659
32660 34799
34848 37152
37153 38314
38315 40970
40971 42199
42200 42997
42998 45129
45130 46213
46214 47378
47379 48311
48312 48640
48641 49357
49368 50161
50162 51627
51628 52916
52917 53969
53970 55638
55639 56883
56884 58519
58520 59820
59821 61193
61194 63079
63196 64421
64422 65194
65292 66814
66815 68380
68381 70386
70387 73354
