0 1986
1987 3856
3906 4882
4913 6189
6190 7361
7362 8480
8481 9068
9069 10281
10282 12377
12378 15430
15431 17083
17084 18568
18626 20202
20203 21240
21241 22274
22275 23248
23249 24162
24162 24924
24925 25493
25494 26747
26748 27761
27762 28744
28745 29541
29542 30806
30807 31593
31594 33193
33194 35917
35918 37385
37386 39461
39462 41852
41853 42997
42998 45129
45130 46213
46214 47378
47379 48151
48152 48943
48944 49357
49368 50356
50357 51756
51757 52916
52917 53671
53672 55099
55100 56266
56267 57897
57898 59137
59138 60819
60820 62053
62054 63858
63859 64940
65084 66744
66745 68380
68381 70195
70210 73354
