0 2683
2684 4163
4164 4882
4913 5807
5808 6780
6781 8480
8481 9068
9069 10731
10732 13028
13029 16593
16594 17512
17513 19859
19860 21383
21384 22150
22151 22729
22730 23248
23249 23654
23655 24162
24162 24586
24587 24972
24973 25150
25151 25888
25889 27986
28016 29175
29176 30049
30050 30997
30998 32921
32922 35917
35918 36916
36917 37832
37833 41852
41853 42459
42460 45129
45130 45834
45835 46366
46367 47303
47304 47588
47589 49000
49001 49357
49368 49764
49765 51627
51628 52674
52675 53969
53970 55638
55639 56441
56442 58186
58187 59004
59005 61488
61489 62809
62810 64940
65084 66155
66156 69068
69069 73354
