0 2218
2219 3856
3906 4758
4760 5807
5808 6507
6508 7361
7362 8480
8481 9068
9069 9994
9995 10731
10732 13238
13239 16593
16594 17414
17415 19073
19074 20321
20322 21240
21241 22274
22275 24586
24587 25888
25889 26962
26963 27890
27926 28744
28745 29541
29542 30806
30807 31593
31594 33329
33330 35917
35918 37385
37386 38512
38513 41185
41186 42459
42460 45129
45130 46366
46367 47378
47379 48311
48312 49130
49131 49764
49765 50844
50845 52205
52206 53214
53215 54634
54635 55638
55639 56792
56793 58186
58187 59137
59138 60819
60820 62267
62268 63858
63859 64940
65084 66155
66156 68152
68153 69682
69716 73354
