0.000000000000000000e+00
7.000000000000000000e+00
1.400000000000000000e+01
2.000000000000000000e+01
2.400000000000000000e+01
2.900000000000000000e+01
3.400000000000000000e+01
4.200000000000000000e+01
4.800000000000000000e+01
5.500000000000000000e+01
5.900000000000000000e+01
6.700000000000000000e+01
7.500000000000000000e+01
8.200000000000000000e+01
8.700000000000000000e+01
9.400000000000000000e+01
1.000000000000000000e+02
1.070000000000000000e+02
1.260000000000000000e+02
1.390000000000000000e+02
1.450000000000000000e+02
1.520000000000000000e+02
1.570000000000000000e+02
1.630000000000000000e+02
1.700000000000000000e+02
1.760000000000000000e+02
1.830000000000000000e+02
1.890000000000000000e+02
1.940000000000000000e+02
1.990000000000000000e+02
2.060000000000000000e+02
2.110000000000000000e+02
2.180000000000000000e+02
2.250000000000000000e+02
2.330000000000000000e+02
2.400000000000000000e+02
2.480000000000000000e+02
2.570000000000000000e+02
2.630000000000000000e+02
2.700000000000000000e+02
2.760000000000000000e+02
2.840000000000000000e+02
2.940000000000000000e+02
2.990000000000000000e+02
3.060000000000000000e+02
3.120000000000000000e+02
3.190000000000000000e+02
3.260000000000000000e+02
3.330000000000000000e+02
3.390000000000000000e+02
3.460000000000000000e+02
3.510000000000000000e+02
3.590000000000000000e+02
3.670000000000000000e+02
3.740000000000000000e+02
