0 2218
2219 3856
3906 5536
5604 6924
6925 7959
7960 8980
8981 9545
9546 10731
10732 12377
12378 15430
15431 17205
17206 19073
19074 20202
20203 21383
21384 22150
22151 22971
22972 23748
23749 24363
24364 24972
24973 25662
25663 26846
26847 27761
27762 29175
29176 30049
30050 30997
30998 32659
32660 35917
35918 37053
37054 37832
37833 41185
41186 42459
42460 45129
45130 46366
46367 47588
47589 48391
48392 49130
49131 50020
50021 51627
51628 52591
52592 53555
53556 54504
54505 55742
55743 56792
56793 58186
58187 59137
59138 60819
60820 62267
62268 63979
64071 64940
65084 66451
66452 68380
68381 69682
69716 73354
