0 1986
1987 3374
3375 4758
4760 6082
6083 7253
7254 8138
8139 8980
8981 9711
9712 10731
10732 13238
13239 16250
16251 17414
17415 19073
19074 20321
20322 21240
21241 22274
22275 23248
23249 23931
23931 24801
24802 25493
25494 26747
26748 27761
27762 28744
28745 29541
29542 30806
30807 31940
31941 33541
33542 36481
36482 37832
37833 40150
40151 42199
42200 43850
43851 45495
45496 46516
46517 47520
47521 48311
48312 49000
49001 49636
49637 50608
50609 51994
51995 53009
53010 53795
53796 55273
55274 56792
56793 58186
58187 59548
59549 60924
60925 62809
62810 64662
64663 66155
66156 68152
68153 69682
69716 73354
