0 634
718 3109
3110 3856
3906 5170
5229 6507
6508 8732
8733 10731
10732 12377
12378 13238
13239 15430
15431 16250
16251 16593
16594 17512
17513 20202
20203 21240
21241 23428
23429 25493
25494 27668
27669 30346
30347 31277
31278 32921
32922 33329
33330 35917
35918 36186
36187 37053
37054 37832
37833 42997
42998 45129
45130 45608
45620 45994
45995 46516
46517 47378
47379 50608
50609 51627
51628 52336
52337 52916
52917 53467
53468 53795
53796 54634
54635 55273
55274 56266
56267 56792
56793 57897
57898 59548
59549 61193
61194 61488
61489 63079
63196 66155
66156 66744
66745 67415
67456 69682
69716 71774
71850 73354
