0 414
415 1115
1116 1396
1397 1750
1751 2071
2072 2374
2375 3169
3170 3769
3770 4045
4046 4174
4175 4227
4228 4316
4317 4368
4369 4461
4462 4544
4545 4626
4627 4695
4696 4794
4795 4869
4870 4986
4987 5036
5037 5107
5108 5250
5251 5297
5298 5420
5421 5485
5486 5536
5537 5595
5596 5921
5922 6038
6039 6190
6191 6465
6466 7043
7044 7079
7080 7105
7106 7294
7295 7330
7331 7380
7381 7439
7440 7481
7482 7568
7569 7600
7601 7685
7686 7775
7776 7854
7855 7888
7889 7929
7930 8036
8037 8202
8203 8294
8295 8372
8373 8585
8586 8686
8687 8827
8828 8928
8929 9163
9164 9216
9217 9286
9287 9561
9562 9790
9791 9822
9823 9911
9912 9964
9965 10002
10003 10492
10493 10621
10622 10726
10727 10828
10829 11073
11074 11175
11176 11300
11301 11358
11359 11477
11478 11527
11528 11589
11590 11753
11754 11823
11824 11870
11871 11948
11949 12025
12026 12149
12150 12331
12332 12405
12406 12442
12443 12473
12474 12573
12574 12916
12917 13242
13243 14057
14058 14443
14444 17531
