0 1889
1890 5848
5849 9535
9540 10639
10640 11728
11733 12514
12515 16513
16519 18722
18723 19781
19786 22725
22726 26942
26947 29747
29748 31351
31352 32726
32731 34606
34607 40008
40009 43411
43412 44695
44696 45653
45654 46824
46825 48546
48547 50119
50120 53573
53576 57156
57159 58874
58875 61919
61920 62585
62586 64610
64611 65923
65924 67834
67837 70456
70461 72566
72567 76778
76779 78640
78646 81566
81569 83587
83588 93099
93100 98499
98504 102519
102524 107544
107546 111165
111166 115586
115587 117011
117015 120601
120602 123693
123695 128077
128082 130231
130232 132082
132083 133769
133771 136034
136035 138347
138352 146736
