0 2153
2154 3272
3273 9535
9540 11331
11332 12514
12515 16875
16880 19565
19567 22487
22488 26942
26947 29103
29106 30861
30862 32480
32481 34606
34607 38769
38771 41451
41452 44457
44458 45281
45282 46311
46312 47583
47584 49103
49104 52242
52244 55098
55104 58162
58163 60065
60066 61724
61725 62929
62930 63992
63993 65553
65554 67834
67837 70456
70461 72208
72209 75974
75976 78276
78280 82120
82121 85034
85037 93099
93100 99372
99373 101420
101421 105881
105882 110529
110530 114398
114399 116629
116632 120601
120602 123327
123330 127979
127980 129507
129508 130976
130977 132082
132083 133810
133813 136034
136035 138099
138100 146736
