0 2248
2249 3368
3369 9921
9922 11728
11733 13038
13040 17325
17326 19781
19786 24242
24243 27619
27621 29103
29106 30861
30862 32726
32731 34606
34607 39659
39663 42638
42641 44785
44786 46077
46078 47231
47232 49103
49104 52380
52381 55098
55104 58162
58163 59995
59996 61724
61725 62789
62790 63992
63993 65518
65519 67778
67779 69850
69851 71430
71436 73396
73397 76778
76779 79020
79021 83134
83135 85928
85930 93099
93100 99959
99964 102519
102524 107544
107546 111103
111104 114917
114920 116957
116958 120699
120700 123693
123695 128077
128082 130231
130232 131007
131008 132082
132083 133769
133771 136034
136035 138099
138100 146736
