0 2248
2249 3298
3299 10045
10046 11669
11670 13038
13040 16677
16682 19294
19295 20435
20436 25206
25207 27774
27775 29611
29612 31502
31503 32726
32731 34606
34607 38639
38640 41445
41446 44074
44078 45281
45282 46311
46312 47231
47232 48784
48786 51383
51385 54800
54802 57634
57639 59995
59996 61724
61725 62789
62790 63900
63901 65518
65519 68288
68289 70211
70212 71713
71714 75184
75185 78276
78280 82320
82322 85928
85930 94018
94019 100224
100225 102519
102524 107544
107546 110971
110972 114592
114593 116629
116632 119754
119758 122803
122804 127931
127932 129507
129508 131131
131132 133241
133242 135607
135609 137724
137725 146736
