0 2248
2249 3368
3369 9921
9922 11728
11733 12514
12515 16513
16519 19395
19396 22300
22302 27619
27621 29611
29612 31882
31883 34606
34607 38769
38771 42263
42264 44695
44696 45508
45509 46824
46825 48351
48352 50119
50120 53699
53702 57156
57159 58641
58642 61919
61920 62585
62586 63992
63993 65518
65519 67778
67779 70456
70461 71713
71714 74824
74828 76778
76779 79464
79465 83165
83167 85928
85930 92948
92949 98835
98836 100685
100689 103049
103050 107544
107546 111103
111104 114917
114920 116957
116958 120601
120602 123693
123695 128077
128082 130231
130232 131007
131008 132082
132083 133769
133771 136034
136035 138099
138100 146736
