0 2248
2249 3368
3369 10208
10209 11582
11583 14050
14051 18269
18275 20435
20436 25643
25644 27774
27775 30145
30146 31351
31352 32726
32731 36146
36149 39339
39342 42263
42264 44695
44696 46134
46138 47512
47514 49703
49704 52417
52418 55098
55104 58162
58163 60065
60066 61724
61725 62929
62930 63900
63901 65485
65486 67834
67837 70211
70212 71560
71561 73396
73397 77857
77861 80033
80034 83587
83588 92405
92406 94018
94019 100401
100402 102588
102589 106484
106485 110873
110874 114398
114399 116368
116371 119724
119728 122146
122147 125090
125091 128864
128865 130889
130890 132082
132083 133880
133883 136034
136035 137914
137915 146736
