0 1889
1890 3368
3369 9535
9540 10996
10997 12514
12515 16677
16682 19395
19396 20435
20436 26154
26158 27678
27681 30304
30305 32432
32434 34606
34607 38477
38478 41445
41446 44555
44556 45857
45858 47231
47232 49703
49704 52380
52381 55098
55104 57156
57159 58734
58735 61724
61725 62929
62930 64610
64611 66219
66222 67834
67837 70456
70461 71713
71714 74824
74828 78276
78280 81566
81569 84834
84836 93099
93100 98499
98504 101694
101696 105947
105950 110873
110874 114565
114566 116368
116371 119724
119728 122146
122147 124417
124420 128077
128082 129507
129508 130976
130977 132082
132083 134248
134249 136392
136393 138036
138037 146736
