0 2153
2154 3368
3369 10228
10229 11728
11733 13038
13040 16875
16880 19395
19396 21544
21545 26229
26234 27883
27884 29747
29748 31351
31352 32726
32731 34606
34607 37729
37730 40195
40196 43815
43818 45133
45134 46134
46138 47512
47514 49103
49104 52417
52418 55098
55104 58162
58163 60124
60125 61987
61988 63304
63305 64615
64616 66822
66823 69259
69260 71430
71436 72973
72974 76778
76779 78640
78646 82739
82741 85928
85930 92948
92949 98835
98836 101137
101138 105871
105872 110873
110874 114565
114566 116629
116632 120601
120602 123478
123482 127979
127980 130231
130232 131131
131132 133560
133563 136034
136035 138099
138100 146736
