0 2248
2249 3351
3352 9921
9922 11366
11367 12514
12515 16677
16682 19294
19295 21498
21501 26229
26234 28819
28820 30664
30665 32082
32084 33809
33810 38477
38478 41445
41446 44457
44458 45281
45282 46311
46312 47583
47584 49103
49104 52242
52244 55098
55104 58162
58163 60023
60024 61724
61725 62859
62860 63992
63993 65553
65554 67834
67837 70456
70461 72057
72058 75974
75976 78276
78280 82120
82121 85034
85037 93099
93100 99372
99373 101694
101696 105881
105882 110153
110154 114153
114154 116368
116371 119754
119758 122690
122691 127705
127711 129507
129508 130976
130977 132222
132223 134248
134249 136034
136035 138036
138037 146736
