0 3360
3361 9420
9421 11730
11731 12510
12511 16530
16531 20550
20551 26190
26191 27000
27001 32700
32701 34650
34651 39690
39691 40620
40621 41220
41220 42630
42631 44130
44131 46110
46111 49710
49711 55140
55141 56820
56821 57690
57691 58830
58831 59880
59881 65040
65041 67260
67261 67830
67831 70440
70441 71430
71431 77250
77251 77850
77851 78300
78301 79830
79831 81150
81151 86370
86371 91740
91741 93090
93091 98490
98491 102540
102541 108690
108691 110310
110311 111300
111301 116370
116371 117000
117001 119730
119731 120750
120751 122790
122791 127710
127711 131040
131041 136410
136411 137310
137311 138900
138901 139680
139681 146736
