0 15
16 248
254 269
274 1170
1171 1289
1290 1409
1410 1577
1578 1649
1650 1679
1680 1769
1770 1889
1890 2015
2016 2070
2071 2116
2117 2153
2154 2248
2249 2295
2296 2356
2357 2443
2444 2518
2519 2551
2552 2646
2647 2723
2724 2786
2787 2850
2851 2914
2915 2978
2979 3042
3043 3106
3107 3168
3169 3233
3234 3272
3273 3298
3299 3351
3352 3368
3369 5582
5583 5848
5849 5921
5922 6523
6524 7568
7569 7673
7674 7720
7721 7874
7875 7900
7901 7903
7904 9535
9540 9921
9922 9977
9978 10045
10046 10133
10134 10208
10209 10228
10229 10330
10331 10383
10384 10476
10477 10557
10558 10632
10633 10639
10640 10749
10750 10844
10845 10908
10909 10996
10997 11249
11250 11331
11332 11366
11367 11401
11402 11509
11510 11582
11583 11662
11663 11669
11670 11728
11733 11835
11840 11973
11974 12008
12009 12116
12117 12173
12174 12218
12219 12287
12288 12332
12333 12362
12363 12457
12458 12514
12515 13038
13040 13333
13334 13639
13640 14050
14051 14108
14109 14174
14175 15668
15670 15801
15802 15966
15968 16131
16132 16244
16245 16340
16341 16381
16382 16513
16519 16677
16682 16875
16880 17271
17272 17273
17274 17325
17326 17544
17545 17630
17631 17681
17682 18062
18063 18144
18145 18269
18275 18722
18723 18760
18761 18990
18991 19074
19075 19294
19295 19338
19339 19395
19396 19565
19567 19636
19637 19675
19676 19750
19751 19781
19786 19840
19841 19935
19939 19986
19987 20049
20050 20233
20234 20311
20312 20365
20366 20435
20436 21498
21501 21544
21545 21677
21681 22300
22302 22487
22488 22604
22605 22725
22726 23994
23995 24242
24243 24372
24373 24798
24800 25001
25002 25044
25045 25206
25207 25643
25644 26154
26158 26229
26234 26462
26463 26590
26591 26648
26649 26790
26791 26942
26947 27325
27327 27517
27518 27619
27621 27678
27681 27774
27775 27883
27884 28231
28232 28535
28536 28639
28640 28691
28692 28722
28723 28819
28820 28867
28868 28979
28980 29007
29008 29035
29036 29062
29063 29103
29106 29611
29612 29747
29748 30145
30146 30200
30201 30304
30305 30370
30371 30376
30377 30504
30505 30510
30511 30664
30665 30669
30670 30797
30798 30804
30805 30853
30854 30861
30862 31351
31352 31502
31503 31524
31525 31545
31546 31567
31568 31652
31653 31737
31738 31742
31743 31818
31819 31823
31824 31882
31883 31975
31976 32082
32084 32145
32146 32150
32151 32432
32434 32480
32481 32726
32731 32920
32925 33112
33113 33208
33209 33297
33298 33334
33335 33336
33337 33372
33373 33447
33448 33630
33631 33690
33691 33727
33728 33729
33730 33809
33810 34403
34407 34606
34607 35085
35086 35953
35954 36146
36149 36229
36232 36532
36535 36609
36610 36662
36664 36848
36849 37422
37423 37502
37503 37581
37582 37729
37730 38477
38478 38639
38640 38769
38771 39339
39342 39659
39663 39713
39718 39772
39773 39835
39836 39858
39859 39920
39921 40008
40009 40195
40196 40256
40257 40627
40628 40761
40762 40838
40839 41445
41446 41451
41452 41678
41679 41743
41744 42263
42264 42345
42346 42638
42641 43016
43017 43071
43072 43271
43272 43411
43412 43513
43514 43517
43518 43604
43605 43815
43818 44074
44078 44457
44458 44555
44556 44622
44623 44667
44668 44695
44696 44725
44726 44785
44786 44840
44841 44881
44882 44927
44928 44970
44971 45068
45069 45133
45134 45248
45249 45253
45254 45281
45282 45330
45331 45386
45387 45445
45446 45508
45509 45566
45567 45609
45610 45653
45654 45787
45788 45857
45858 46006
46007 46077
46078 46134
46138 46187
46188 46234
46235 46311
46312 46371
46372 46489
46490 46542
46543 46613
46614 46655
46656 46704
46705 46748
46749 46824
46825 46879
46880 46948
46949 47035
47036 47067
47068 47198
47199 47231
47232 47512
47514 47583
47584 47650
47651 47761
47762 47786
47787 47811
47812 47940
47941 47965
47966 47990
47991 48194
48195 48233
48234 48272
48273 48302
48303 48351
48352 48491
48492 48496
48497 48546
48547 48694
48695 48696
48698 48784
48786 49103
49104 49405
49406 49514
49515 49703
49704 49802
49803 49830
49831 49930
49931 49970
49971 50035
50036 50070
50071 50119
50120 50539
50540 50757
50758 51169
51170 51383
51385 51984
51986 52242
52244 52380
52381 52417
52418 52453
52454 52638
52640 52878
52879 53298
53299 53573
53576 53699
53702 53826
53828 53959
53961 54044
54046 54358
54359 54538
54541 54800
54802 55098
55104 55157
55161 55528
55529 55851
55852 55924
55925 56038
56039 56185
56186 56361
56362 56490
56491 56715
56716 56797
56802 57081
57086 57156
57159 57634
57639 57689
57694 58162
58163 58208
58209 58292
58293 58354
58355 58433
58434 58484
58485 58531
58532 58641
58642 58734
58735 58841
58846 58874
58875 59207
59211 59995
59996 60023
60024 60065
60066 60124
60125 60266
60267 60398
60399 60598
60599 60656
60657 60888
60889 60932
60933 61002
61003 61091
61092 61137
61138 61176
61177 61301
61302 61325
61326 61394
61395 61566
61567 61724
61725 61919
61920 61978
61979 61987
61988 62014
62016 62032
62033 62062
62063 62113
62114 62237
62238 62252
62253 62277
62278 62383
62384 62490
62491 62518
62519 62585
62586 62789
62790 62859
62860 62929
62930 62969
62970 63050
63051 63126
63127 63304
63305 63357
63358 63408
63409 63471
63472 63534
63535 63580
63581 63649
63650 63700
63701 63866
63867 63900
63901 63954
63955 63992
63993 64045
64046 64077
64078 64139
64140 64413
64414 64542
64543 64610
64611 64615
64616 64667
64668 64821
64822 64857
64858 65005
65009 65450
65451 65485
65486 65518
65519 65553
65554 65788
65789 65833
65834 65923
65924 65961
65962 66219
66222 66561
66562 66647
66648 66704
66705 66774
66775 66822
66823 66895
66898 67260
67264 67681
67682 67691
67692 67778
67779 67834
67837 68288
68289 68333
68334 68401
68402 68481
68482 68549
68550 68620
68621 68681
68682 68736
68741 68830
68831 68955
68956 69056
69057 69117
69118 69257
69258 69259
69260 69285
69286 69287
69288 69458
69459 69571
69572 69850
69851 70211
70212 70323
70324 70456
70461 70566
70567 70662
70663 70847
70848 70939
70940 71021
71022 71156
71157 71259
71260 71305
71306 71361
71362 71430
71436 71560
71561 71608
71609 71713
71714 71963
71964 72057
72058 72208
72209 72320
72321 72382
72383 72566
72567 72760
72761 72860
72861 72973
72974 72998
72999 73396
73397 74150
74151 74547
74550 74581
74582 74824
74828 74896
74897 75184
75185 75974
75976 76217
76218 76337
76338 76534
76535 76753
76754 76778
76779 77270
77275 77476
77477 77857
77861 77903
77904 77971
77972 78030
78031 78035
78036 78087
78088 78182
78183 78276
78280 78335
78339 78640
78646 78892
78893 78962
78963 79020
79021 79075
79076 79464
79465 80001
80002 80003
80004 80033
80034 80488
80489 81156
81162 81566
81569 81981
81983 82120
82121 82320
82322 82739
82741 82958
82959 82972
82973 83134
83135 83165
83167 83293
83296 83389
83392 83587
83588 84044
84045 84249
84251 84252
84253 84449
84452 84834
84836 85034
85037 85250
85252 85460
85462 85928
85930 86155
86157 91882
91886 92230
92231 92340
92341 92405
92406 92450
92451 92492
92493 92535
92536 92570
92571 92605
92606 92948
92949 93099
93100 93159
93160 93199
93200 93929
93930 94018
94019 94320
94321 94626
94627 94930
94931 96160
96161 96456
96457 96773
96774 98499
98504 98835
98836 98880
98881 99372
99373 99959
99964 100016
100017 100093
100094 100175
100176 100224
100225 100255
100256 100401
100402 100478
100479 100564
100565 100685
100689 100907
100908 100963
100964 101137
101138 101239
101240 101335
101336 101420
101421 101694
101696 101974
101975 101978
101979 102519
102524 102588
102589 103049
103050 103346
103347 103469
103472 103546
103548 103827
103829 104342
104345 104595
104596 104886
104888 105404
105405 105871
105872 105881
105882 105947
105950 106484
106485 107544
107546 107803
107804 108064
108067 108344
108347 108652
108656 109695
109696 109767
109768 109832
109833 109900
109901 109967
109968 110032
110033 110097
110098 110153
110154 110529
110530 110723
110728 110873
110874 110971
110972 111103
111104 111165
111166 111277
111281 112216
112217 112423
112424 112621
112622 112879
112880 112993
112994 113106
113107 113521
113522 113999
114000 114153
114154 114218
114219 114398
114399 114565
114566 114592
114593 114713
114714 114917
114920 115061
115064 115163
115166 115377
115380 115586
115587 115812
115813 115847
115849 115948
115950 115993
115994 116061
116063 116254
116255 116368
116371 116475
116478 116629
116632 116722
116723 116873
116874 116957
116958 117011
117015 117426
117427 117586
117587 117588
117589 117751
117752 118148
118150 118227
118228 118705
118707 118869
118870 119034
119035 119724
119728 119754
119758 120531
120532 120559
120560 120601
120602 120627
120628 120699
120700 120702
120703 121262
121263 121439
121440 121872
121873 122060
122061 122113
122114 122146
122147 122242
122243 122373
122374 122482
122483 122547
122549 122690
122691 122803
122804 123327
123330 123478
123482 123590
123593 123693
123695 124099
124100 124148
124151 124417
124420 124943
124949 125090
125091 125240
125243 125838
125841 126236
126237 127382
127385 127650
127652 127705
127711 127931
127932 127979
127980 128039
128040 128077
128082 128172
128173 128222
128223 128228
128229 128272
128273 128408
128409 128479
128480 128483
128484 128538
128539 128607
128608 128864
128865 129016
129017 129087
129088 129212
129213 129507
129508 129605
129606 130195
130196 130231
130232 130428
130429 130581
130582 130618
130619 130653
130654 130697
130698 130737
130738 130773
130774 130813
130814 130889
130890 130929
130930 130976
130977 131007
131008 131071
131072 131131
131132 131191
131192 131251
131252 131311
131312 131355
131356 131399
131400 131434
131435 131475
131476 131516
131517 131560
131561 132082
132083 132222
132223 132543
132544 132744
132746 132899
132900 133168
133169 133241
133242 133501
133502 133560
133563 133602
133604 133644
133646 133684
133687 133724
133727 133769
133771 133810
133813 133880
133883 134248
134249 134586
134588 134925
134926 135105
135106 135216
135217 135273
135274 135444
135445 135607
135609 135796
135797 135923
135924 135992
135993 135998
135999 136034
136035 136392
136393 136405
136406 136526
136527 136616
136617 136708
136709 136797
136798 136872
136873 136947
136948 137372
137376 137688
137689 137724
137725 137788
137789 137914
137915 138036
138037 138099
138100 138147
138148 138211
138212 138243
138244 138347
138352 138521
138522 138626
138627 138691
138692 138789
138790 138882
138883 139597
139598 139672
139673 146516
146517 146736
