0 149
150 856
857 992
993 1080
1081 1251
1252 1407
1408 1724
1725 2057
2058 2437
2438 2475
2479 2586
2587 2611
2614 4777
4778 4948
4950 4966
4968 5391
5393 5924
5925 6529
6530 7697
7698 7854
7855 7909
7910 8028
8029 8367
8368 8496
8499 8553
8554 8627
8629 8696
8697 8819
8820 8897
8898 8933
8934 9000
9001 9042
9043 9083
9084 9495
9496 10065
10066 10160
10161 10170
10171 10616
10617 10646
10647 10773
10774 10863
10864 11114
11115 11210
11211 11267
11268 11604
11606 11805
11807 11847
11848 12003
12004 12055
12056 12547
12548 12582
12583 12629
12632 12810
12811 13241
13242 13343
13344 13685
13688 13718
13723 13952
13954 13965
13966 14287
14288 15681
15682 17158
17159 17417
17419 17980
17981 19042
19043 19820
19821 20202
20203 20455
20456 20894
20898 21639
21641 21746
21747 22192
22193 22501
22503 22760
22762 22904
22905 23050
23055 23287
23288 23379
23380 23879
23880 24044
24045 24620
24621 24851
24852 24990
24991 25539
25540 25560
25561 25799
25800 25809
25810 26218
26219 26635
26636 26901
26902 27115
27117 27835
27836 28267
28269 28335
28336 28811
28812 30187
30188 30246
30247 30968
30969 31483
31484 35282
35285 36142
36143 37225
37227 37842
37843 38400
38402 38422
38423 40171
40172 42617
42618 42839
42844 43096
43097 43203
43204 43402
43403 43573
43575 43855
43856 44106
44107 44331
44332 44602
44603 44988
44989 45061
45062 45356
45357 45458
45459 45519
45520 45863
45864 46087
46088 46664
46665 47002
47006 47310
47312 47811
47812 48403
48404 48680
48683 48827
48831 49051
49055 49939
49940 50102
50103 50241
50245 50392
50393 50513
50517 50543
50547 50973
50974 51294
51295 51323
51324 51712
51713 52348
52349 52372
52375 52682
52683 52699
52701 52843
52844 52933
52934 53578
53579 53743
53744 54059
54061 54730
54731 54740
54741 55452
55453 56081
56083 56629
56630 57192
57193 57351
57352 58142
58143 58593
58594 59436
59437 59479
59482 59696
59699 60349
60351 60503
60504 60522
60524 60789
60790 61333
61334 61587
61588 62109
62110 62431
62433 62534
62535 63071
63072 63111
63112 63191
63192 63723
63724 64312
64313 64904
64905 64935
64936 65378
65379 66151
66152 66331
66332 66344
66345 66477
66478 66777
66778 67283
67284 67821
67822 68032
68033 68298
68299 68605
68606 68673
68674 68704
68705 69924
69925 70274
70275 75290
75291 75501
75502 75740
75741 75872
75873 76103
76105 76340
76341 76586
76587 76814
76815 77039
77040 80892
80893 81319
81320 87522
87523 88063
88064 88091
88092 93637
93638 94768
94769 95793
95794 96722
96723 96820
96821 97185
97186 97827
97828 98003
98006 98358
98359 99110
99111 99165
99166 99950
99951 100265
100266 100477
100478 100654
100655 100690
100694 100926
100927 104164
104165 105102
105103 105154
105155 105186
105187 105523
105524 110420
110421 110613
110614 110733
110734 110918
110919 111181
111182 111467
111470 111488
111489 112137
112138 113658
113659 114058
114060 115293
115294 115388
115389 115392
115395 116246
116247 116760
116763 117962
117963 118313
118314 118899
118900 119016
119017 119689
119690 119743
119744 120195
120196 120510
120511 120707
120708 121215
121216 122229
122230 122356
122358 123632
123633 123782
123783 123874
123875 123984
123986 124567
124568 124615
124616 124628
124629 124843
124844 124956
124957 124993
124994 125124
125125 125263
125264 125413
125414 125468
