0 89
90 222
223 479
480 650
651 783
784 915
916 1090
1091 1215
1216 1432
1433 1632
1633 1814
1815 1950
1951 2201
2202 2378
2379 2436
2437 2631
2632 2730
2731 2800
2801 2816
2817 2828
2829 2896
2897 2939
2940 3006
3007 3045
3046 3181
3182 3296
3297 3488
3489 3738
3739 4127
4128 4461
4462 4685
4686 4853
4854 5324
5325 5833
5834 6205
6206 6751
6752 7396
7397 7564
7565 8156
8157 8756
8757 8922
8923 9049
9050 9542
9543 9886
9887 10054
10055 10506
10507 10890
10891 11181
11182 11496
11497 11839
11840 12220
12221 12571
12572 12902
12903 13286
13287 13704
13705 14094
14095 14406
14407 14732
14733 14977
14978 15366
15367 15728
15729 16165
16166 16433
16434 16714
16715 17019
17020 17227
17228 17561
17562 17754
17755 17982
17983 18450
18451 18585
18586 18939
18940 19313
19314 19667
19668 20038
20039 20460
20461 20768
20769 21155
21156 21646
21647 21956
21957 22337
22338 22749
22750 23219
23220 23771
23772 24062
24063 24446
24447 24847
24848 25186
25187 25582
25583 25892
25893 26126
26127 26430
26431 26698
26699 26971
26972 29707
29708 29853
29854 30012
30013 30252
30253 30520
30521 31025
31026 31123
31124 32441
32442 32977
32978 33398
33399 33828
33829 34261
34262 34656
34657 35017
35018 35368
35369 35715
35716 36080
36081 36486
36487 36782
36783 37121
37122 37486
37487 37888
37889 38349
38350 38746
38747 39124
39125 39196
39197 39603
39604 40083
40084 40457
40458 40794
40795 41196
41197 41527
41528 41626
41627 42159
42160 42587
42588 42920
42921 43340
43341 43825
43826 44245
44246 44727
44728 45157
45158 45671
45672 46240
46241 46679
46680 47012
47013 47371
47372 47660
47661 47948
47949 48061
48062 48276
48277 48724
48725 49104
49105 49386
49387 49738
49739 50076
50077 50500
50501 51005
51006 51153
51154 51731
51732 52089
52090 52533
52534 52987
52988 53368
53369 53830
53831 54229
54230 54615
54616 54930
54931 55350
55351 55651
55652 56408
56409 56687
56688 57967
57968 58216
58217 58582
58583 58860
58861 59159
59160 59475
59476 59838
59839 60142
60143 60614
60615 61086
61087 61532
61533 62525
62526 64369
64370 65194
65195 65649
65650 66093
66094 66473
66474 66848
66849 67326
67327 67643
67644 67884
67885 68449
68450 68973
68974 69348
69349 69589
69590 69901
69902 70314
70315 70886
70887 71412
71413 71525
71526 71988
71989 72246
72247 72492
72493 72793
72794 73227
73228 73663
73664 73972
73973 74041
74042 74170
74171 74210
74211 74477
74478 74792
74793 74828
74829 75475
75476 76445
76446 76613
76614 77363
77364 77776
77777 78150
78151 78189
78190 78344
78345 78449
78450 78555
78556 82084
