0 1864
1865 3858
3859 4891
4892 6645
6646 8661
8662 9922
9923 10628
10629 11245
11246 12040
12041 13106
13107 13971
13972 14569
14570 15640
15641 16308
16309 17149
17150 18239
18240 19340
19341 20266
20267 22036
22037 23531
23532 24943
24945 26570
26572 27643
27644 29093
29094 30294
30295 32681
32682 34561
34562 35829
35830 37575
37576 39031
39032 40455
40456 42187
42188 42698
42699 43167
43168 45069
45070 45810
45811 47109
47110 48215
48216 49073
49074 51113
51114 52038
52039 52917
52918 53271
53272 53897
53898 55770
55771 59072
59073 59756
59757 60858
60859 62571
62572 63967
63968 64953
64954 66020
66021 67830
67846 68715
68717 69492
69493 70461
70462 71638
71639 73819
