0 2452
2453 4891
4892 7059
7060 8999
9000 10390
10391 11154
11155 12181
12182 13106
13107 14341
14342 14959
14960 15640
15641 16243
16244 16738
16739 17897
17898 18309
18310 19120
19121 20065
20066 21290
21291 23250
23251 24648
24649 26206
26207 26884
26885 27694
27695 29093
29094 30294
30295 32424
32425 34561
34562 36556
36557 37925
37926 39357
39358 40671
40672 42187
42188 42615
42616 43799
43800 45069
45070 45810
45811 46892
46893 47764
47765 48304
48305 49073
49074 50545
50546 51538
51539 52436
52437 52972
52973 53359
53360 54783
54784 58705
58706 59561
59562 60232
60233 61089
61090 62812
62813 63967
63968 64953
64954 66020
66021 67830
67846 69328
69329 70461
70462 73819
