0.000000000000000000e+00
5.000000000000000000e+00
1.500000000000000000e+01
2.300000000000000000e+01
2.900000000000000000e+01
3.400000000000000000e+01
3.800000000000000000e+01
4.100000000000000000e+01
4.500000000000000000e+01
5.200000000000000000e+01
5.700000000000000000e+01
6.100000000000000000e+01
6.600000000000000000e+01
7.000000000000000000e+01
7.400000000000000000e+01
7.700000000000000000e+01
8.100000000000000000e+01
8.600000000000000000e+01
9.400000000000000000e+01
9.900000000000000000e+01
1.060000000000000000e+02
1.130000000000000000e+02
1.200000000000000000e+02
1.270000000000000000e+02
1.330000000000000000e+02
1.410000000000000000e+02
1.500000000000000000e+02
1.550000000000000000e+02
1.590000000000000000e+02
1.640000000000000000e+02
1.720000000000000000e+02
1.790000000000000000e+02
1.880000000000000000e+02
1.930000000000000000e+02
2.040000000000000000e+02
2.120000000000000000e+02
2.170000000000000000e+02
2.210000000000000000e+02
2.270000000000000000e+02
2.330000000000000000e+02
2.380000000000000000e+02
2.460000000000000000e+02
2.510000000000000000e+02
2.550000000000000000e+02
2.620000000000000000e+02
2.670000000000000000e+02
2.750000000000000000e+02
2.800000000000000000e+02
2.890000000000000000e+02
2.950000000000000000e+02
3.040000000000000000e+02
3.080000000000000000e+02
3.120000000000000000e+02
3.200000000000000000e+02
3.300000000000000000e+02
3.380000000000000000e+02
3.440000000000000000e+02
3.530000000000000000e+02
3.600000000000000000e+02
3.660000000000000000e+02
