0 2023
2024 5365
5366 8661
8662 9922
9923 10628
10629 11245
11246 12040
12041 13106
13107 13971
13972 14615
14676 15101
15102 15640
15641 16148
16149 16389
16390 16738
16739 17751
17752 18350
18351 19120
19121 20065
20066 21290
21291 23407
23408 24943
24945 26323
26324 27267
27268 29093
29094 30196
30197 30618
30619 32681
32682 35629
35630 37575
37576 39830
39831 40809
40810 42512
42513 43799
43800 44885
44886 45323
45324 46038
46039 46892
46893 47713
47714 48304
48305 48685
48686 49867
49868 51258
51259 52038
52039 52917
52918 53359
53360 54783
54784 57407
57408 59910
59911 60386
60387 61089
61090 63323
63324 64862
64864 66020
66021 67830
67846 69492
69493 70680
70681 73819
