0 2023
2024 4217
4218 5533
5534 8661
8662 9922
9923 10844
10845 11452
11453 12181
12182 13106
13107 13971
13972 14883
14884 15532
15533 16148
16149 16589
16590 17897
17898 18350
18351 19340
19341 20065
20066 20941
20942 23250
23251 24943
24945 26570
26572 27643
27644 29093
29094 30411
30412 32424
32425 34892
34893 36892
36893 38839
38840 40671
40672 42275
42276 42747
42748 44434
44435 45323
45324 45810
45811 46790
46792 47713
47714 48215
48216 48522
48523 49073
49074 50892
50893 52038
52039 52804
52805 53335
53336 54181
54182 57407
57408 59561
59562 60232
60233 60858
60859 62571
62572 63891
63892 64777
64778 65209
65210 66020
66021 67830
67846 69492
69493 70461
70462 73819
