0 2452
2453 4626
4627 6645
6646 8999
9000 10390
10391 11154
11155 12181
12182 13106
13107 14341
14342 14959
14960 15640
15641 16148
16149 16589
16590 17751
17752 18239
18240 19120
19121 20065
20066 20941
20942 23063
23064 24336
24337 25720
25721 26782
26783 27643
27644 29093
29094 30196
30197 31880
31881 34072
34073 36275
36276 37925
37926 39357
39358 40671
40672 42087
42088 42551
42552 43167
43168 45069
45070 45810
45811 46790
46792 47764
47765 48304
48305 49073
49074 50710
50711 51706
51707 52535
52536 53097
53098 53441
53442 54783
54784 58705
58706 59561
59562 60386
60387 62078
62079 63420
63421 64595
64596 65209
65210 66300
66301 68195
68196 69492
69493 70461
70462 73819
