0 1864
1865 3344
3345 6110
6111 8661
8662 9922
9923 10482
10483 11154
11155 11895
11896 12633
12634 13106
13107 13802
13803 14466
14467 14959
14960 15640
15641 16243
16244 16738
16739 17897
17898 18350
18351 19120
19121 20065
20066 20941
20942 22036
22037 24005
24006 25351
25352 26623
26624 27643
27644 29093
29094 30196
30197 32424
32425 34561
34562 36892
36893 38839
38840 40455
40456 42303
42304 43167
43168 44604
44605 45323
45324 45810
45811 46892
46893 47764
47765 48390
48391 49073
49074 51113
51114 52038
52039 52917
52918 53359
53360 54181
54182 57407
57408 59756
59757 60703
60704 62812
62813 64552
64553 65488
65489 66824
66825 68195
68196 69492
69493 70461
70462 73819
