0 1864
1865 3344
3345 6110
6111 7736
7737 9534
9535 10917
10918 12040
12041 13649
13650 14569
14570 15640
15641 16148
16149 16877
16878 18120
18121 18675
18676 20010
20011 20941
20942 23250
23251 24336
24337 25351
25352 26623
26624 27643
27644 29093
29094 30196
30197 31040
31041 32681
32682 35629
35630 36892
36893 38653
38654 40071
40072 41893
41894 42512
42513 43167
43168 44885
44886 46038
46039 47109
47110 48135
48137 48854
48855 50339
50340 51258
51259 52038
52039 52699
52700 53146
53147 53441
53442 54783
54784 57407
57408 59353
59354 59910
59911 60526
60527 61234
61235 63323
63324 63967
63968 64953
64954 66020
66021 67830
67846 69492
69493 70181
70182 71349
71350 73819
