0 2023
2024 4891
4892 7059
7060 9203
9204 10390
10391 11154
11155 12181
12182 12990
12991 13971
13972 14839
14840 15240
15241 16148
16149 16589
16590 18185
18186 18675
18676 20010
20011 20941
20942 23063
23064 24336
24337 25351
25352 26623
26624 27643
27644 29093
29094 30472
30473 32681
32682 34892
34893 36556
36557 37925
37926 39830
39831 40809
40810 42275
42276 42698
42699 43799
43800 44994
44995 45782
45783 46790
46792 47902
47903 48390
48391 49073
49074 50892
50893 52216
52217 52917
52918 53335
53336 54181
54182 57407
57408 59561
59562 60232
60233 61089
61090 62812
62813 63891
63892 64862
64864 65593
65594 66824
66825 68195
68196 69328
69329 70181
70182 71349
71350 73819
