0 1864
1865 3344
3345 5533
5534 7736
7737 9534
9535 10482
10483 11452
11453 12181
12182 13106
13107 13971
13972 14615
14676 15368
15369 16148
16149 16738
16739 18120
18121 18675
18676 20010
20011 20941
20942 23063
23064 24336
24337 25351
25352 26623
26624 27643
27644 29093
29094 30196
30197 31040
31041 32794
32795 35629
35630 36892
36893 38653
38654 40071
40072 41893
41894 42551
42552 43799
43800 45069
45070 46038
46039 47109
47110 48215
48216 48854
48855 50339
50340 51258
51259 52216
52217 52917
52918 53335
53336 54181
54182 57407
57408 59561
59562 60232
60233 61089
61090 63323
63324 63967
63968 64862
64864 65593
65594 66824
66825 68195
68196 69492
69493 70461
70462 73819
