0 649
650 2023
2024 3344
3345 6110
6111 8661
8662 11600
11601 12040
12041 13106
13107 13971
13972 15240
15241 17751
17752 18675
18676 19120
19121 20266
20267 20941
20942 21708
21709 23063
23064 26167
26168 29093
29094 31585
31586 32681
32682 34072
34073 34561
34562 35829
35830 37575
37576 38184
38185 39031
39032 39357
39358 39830
39831 40455
40456 41774
41775 42903
42904 43799
43800 44885
44886 46038
46039 46892
46893 49073
49074 49583
49584 50132
50133 50545
50546 51391
51392 52038
52039 54181
54182 54783
54784 57407
57408 58705
58706 59910
59911 61089
61090 63967
63968 66020
66021 66824
66825 67340
67341 67830
67846 69995
69996 70461
70462 71349
71350 72376
72425 73819
