0 38
43 285
286 378
379 553
554 1145
1146 1346
1347 1456
1457 1531
1532 1666
1667 1711
1712 1763
1764 1813
1814 1919
1920 2154
2155 2194
2195 2394
2395 2494
2495 2704
2705 2831
2832 2901
2902 2963
2964 3045
3046 3513
3514 3578
3579 3744
3745 3860
3861 3895
3896 3919
3920 3989
3990 4032
4033 4069
4070 4227
4228 4266
4267 4332
4333 4463
4464 4544
4545 4612
4613 4672
4673 4726
4727 4796
4797 4900
4901 4942
4943 4979
4980 5013
5014 5079
5080 5131
5132 5292
5293 5307
5308 5371
5372 5430
5431 5518
5519 5579
5580 5809
5810 5844
5845 6018
6019 6048
6049 6088
6089 6128
6129 6168
6169 6208
6209 6228
6229 6268
6269 6308
6309 6348
6349 6388
6389 6488
6489 6623
6624 6670
6671 6713
6714 6753
6754 6833
6834 7013
7014 7093
7094 7131
7132 7170
7172 7219
7221 7325
7326 7500
7501 7546
7547 7613
7614 7661
7662 7732
7733 7769
7770 8024
8025 8085
8086 8091
8092 8154
8155 8945
8946 9009
9010 9080
9081 9148
9149 9379
9380 9420
9421 9468
9469 9507
9508 9575
9576 9584
9585 9719
9720 9795
9796 9850
9851 9891
9892 9987
9988 10016
10017 10081
10082 10097
10098 10125
10126 10184
10185 10234
10235 10260
10261 10303
10304 10339
10340 10409
10410 10453
10454 10574
10575 10612
10613 10637
10638 10674
10675 10842
10843 10999
11000 11056
11057 11097
11099 11188
11190 11312
11313 11349
11350 11524
11525 11560
11561 11612
11613 11671
11672 11728
11729 11757
11758 13942
13943 14314
