0 166
167 323
324 418
419 838
839 1307
1308 1719
1720 1986
1987 2401
2402 2893
2894 2931
2932 3146
3147 3533
3534 3678
3679 4992
4993 5574
5575 5801
5802 6214
6215 6947
6948 7645
7646 8075
8076 8799
8800 9754
9755 10047
10048 10050
10051 10252
10253 10300
10301 11197
11198 11353
11354 11865
11866 12206
12207 12277
12278 12525
12526 12575
12576 12674
12675 12759
12760 12986
12987 13115
13116 13848
13849 14208
14209 14671
14672 14738
14739 14773
14774 15056
15057 18091
18092 18328
18329 18454
18455 18724
18725 19050
19051 19520
19521 20100
20101 20510
20511 20838
20839 20878
20879 21427
21428 21860
21861 22466
22467 22671
22672 22724
22725 22961
22962 23198
23199 23578
23579 25244
25245 26154
26155 26197
26198 26280
26281 26315
26316 26762
26763 27170
27171 27326
27327 27407
27408 27530
27531 28382
28383 28481
28482 28596
28597 28839
28840 29429
29430 29756
29757 30091
30092 30775
30776 32968
32969 33691
33692 34145
34146 34720
34721 35333
35334 35408
35409 35506
35507 35557
35558 35732
35733 36008
36009 37078
37079 37944
37945 38223
38224 39448
39449 39671
39672 39855
39856 39907
39908 40387
40388 40911
40912 41286
41287 41816
41817 42168
42169 42230
42231 42314
42315 42369
42370 43133
43134 43237
43238 43362
43364 43438
43439 43614
43615 44309
44310 44597
44598 44833
44834 44853
44854 44885
44886 45041
45042 45380
45381 45524
45525 45544
45545 46041
46042 46067
46068 46307
46308 46974
46975 47633
47634 47767
47768 48304
48305 48542
48543 48604
48605 48716
48718 49948
49949 51066
51067 51211
51212 51346
51347 54878
54879 55068
55069 55154
55155 55395
55396 55662
55663 55917
55918 56046
56047 56080
56081 56282
56283 56387
56388 56483
56484 56712
56713 57595
57596 58075
58076 58147
58148 58959
58960 59321
59322 59654
59655 59732
59733 59965
59966 60244
60245 60314
60315 60732
60733 61146
61147 61637
61638 61734
61735 62118
62119 62392
62393 64926
64927 65132
65133 65579
65580 65750
65751 66300
66301 66433
66434 67192
67193 67421
67422 68312
68313 68395
68396 68402
68403 68458
68459 68609
68610 68623
68624 68657
68658 68712
68713 68762
68763 68776
68777 68792
68793 68811
68812 68844
68845 68862
68863 68890
68891 69064
69065 69409
69410 69645
69646 69698
69699 70518
70519 71100
71101 71938
71939 72321
72322 73291
73292 73596
73597 74327
74328 74350
74351 74712
74713 77787
77788 78113
