0 2110
2111 5081
5082 5999
6000 7559
7560 9813
9814 11322
11323 12718
12719 15580
15581 16920
16921 19325
19326 22074
22076 23961
24031 25489
25490 27554
27555 28995
28996 30560
30561 32660
32661 34298
34299 35092
35093 35960
35961 37699
37700 39596
39597 41718
41719 43174
43175 45741
45742 47357
47358 48003
48004 49036
49037 50136
50137 51188
51189 53255
53256 54178
54179 54751
54752 56600
56601 58198
58199 59818
59819 61414
61415 62583
62584 63366
63367 63967
63968 64799
64800 66068
66069 68150
68151 70006
70007 71109
71110 73854
