0 2110
2111 4870
4871 5999
6000 7559
7560 9813
9814 11645
11646 13938
13939 15802
15803 16920
16921 19325
19326 22074
22076 23511
23512 24669
24670 25830
25831 27554
27555 28995
28996 30560
30561 32660
32661 34298
34299 35092
35093 36219
36220 37699
37700 41339
41340 42979
42980 45741
45742 47357
47358 48003
48004 49688
49689 51188
51189 53255
53256 54178
54179 54751
54752 56444
56445 57943
57944 59116
59117 60586
60587 61888
61889 62843
62844 63581
63582 64745
64746 65703
65704 67469
67470 68464
68465 70006
70007 71109
71110 73854
