0 2895
2896 4544
4545 5999
6000 7559
7560 9813
9814 11926
11927 14276
14277 16073
16074 17062
17063 19325
19326 22304
22305 23582
23583 24856
24857 26344
26369 28119
28120 29440
29441 31128
31129 33177
33178 34501
34502 35174
35175 36219
36220 37699
37700 40055
40056 42179
42180 45184
45185 46585
46586 47599
47600 49036
49037 50668
50669 53255
53256 54018
54019 54591
54592 56041
56042 57632
57633 58768
58769 60260
60261 61753
61754 62438
62439 63366
63367 64092
64093 65194
65195 66446
66447 67997
67998 69399
69400 70847
70848 73854
