0 632
650 2589
2695 3570
3571 4870
4871 5599
5600 7107
7108 8893
8894 9813
9814 10910
10911 12718
12719 12999
13263 15802
15803 17286
17287 19325
19326 20012
20013 21711
21712 22304
22305 23794
23844 24856
24857 27554
27555 29440
29441 30760
30761 31873
31874 32660
32661 33627
33628 34750
34751 37699
37700 39943
39944 44630
44631 45741
45742 48003
48004 50136
50137 51404
51405 52180
52181 53255
53256 53839
53840 54849
54850 55804
55805 57466
57467 58080
58081 59312
59313 60674
60675 65888
65889 67185
67186 69732
69934 73854
