0 926
927 2539
2541 3499
3500 5815
5816 6794
6795 10603
10604 12869
12870 15051
15052 16667
16669 17740
17741 19420
19421 20898
20899 23005
23006 24277
24278 25345
25346 26457
26458 27497
27498 28479
28480 29696
29697 30702
30703 32993
32994 34745
34746 36236
36237 38566
38567 40038
40039 41021
41022 42931
42932 46268
46269 47670
47671 49116
49117 49864
49865 51609
51610 54299
54300 57618
57619 59762
59763 61421
61422 65146
65147 67381
67382 69382
69383 70549
70550 73634
73635 77804
77805 79477
79478 80399
80400 82870
82871 86143
86144 90132
90133 93066
93067 95040
95041 98200
98201 100921
100922 102984
102985 105744
105745 111144
111145 113743
113744 116303
116304 121980
121981 125454
125455 128832
128833 132831
132832 134190
134191 136852
