0 1926
1927 3407
3408 5112
5113 6794
6795 9929
9933 12555
12556 14166
14168 15497
15498 16969
16970 18421
18422 20300
20301 21445
21446 23599
23600 25250
25251 26318
26319 27446
27447 28411
28412 29696
29697 30702
30703 33087
33088 34854
34855 37109
37110 38457
38458 40196
40197 41340
41341 42931
42932 46592
46593 47976
47977 49246
49247 50819
50820 53019
53020 57618
57619 60043
60044 63723
63724 65801
65802 68286
68287 70184
70185 71457
71458 75941
75942 78434
78435 79750
79751 81423
81424 83719
83720 86739
86740 88104
88105 92945
92946 94080
94081 96215
96216 98588
98589 101625
101626 103296
103297 107580
107581 111919
111920 113852
113853 116635
116636 120363
120364 123029
123030 125896
125897 129727
129728 131938
131939 133736
133737 136852
