0 1926
1927 3347
3348 4987
4988 6525
6526 9432
9433 11601
11603 12966
12967 14543
14544 16508
16509 17624
17625 18814
18815 20599
20600 22913
22914 24277
24278 25345
25346 26982
26983 27717
27718 29146
29147 30601
30602 32742
32743 33826
33827 35837
35838 38117
38118 39359
39360 40848
40849 42340
42341 44013
44014 47627
47628 48485
48486 49785
49786 51276
51277 54138
54139 57813
57814 60043
60044 63723
63724 66378
66379 68757
68758 70549
70550 72442
72443 77544
77545 79100
79101 80399
80400 83315
83316 86143
86144 87365
87368 91328
91329 93374
93375 94812
94813 97644
97645 101625
101626 103191
103192 105744
105745 111144
111145 113540
113541 116449
116450 120363
120364 123367
123368 126083
126084 129909
129910 132674
132675 134242
134243 136852
