0 2243
2246 3347
3348 5228
5229 6794
6795 9929
9933 11351
11352 12869
12870 14543
14544 16508
16509 17195
17196 18287
18288 20198
20199 21539
21540 23535
23536 24550
24551 25345
25346 27310
27311 27779
27780 28632
28633 29709
29710 30677
30678 32993
32994 33826
33827 37109
37110 38566
38567 40038
40039 40957
40958 42340
42341 45752
45753 47670
47671 48721
48722 49947
49948 53599
53600 57813
57814 60043
60044 63723
63724 66378
66379 69382
69383 70968
70969 74059
74060 77804
77805 79477
79478 82293
82294 84764
84765 86908
86909 88342
88343 93174
93175 94608
94609 97644
97645 100921
100922 102984
102985 105348
105349 111024
111025 113540
113541 116303
116304 120363
120364 123511
123512 126562
126563 130418
130419 133092
133093 134522
134524 136852
