0 2243
2246 3347
3348 5112
5113 6525
6526 9432
9433 11820
11821 12869
12870 14412
14413 16298
16299 17090
17091 18287
18288 19617
19618 21122
21123 23240
23241 24454
24455 25345
25346 26457
26458 27497
27498 28479
28480 29696
29697 30702
30703 33087
33088 34745
34746 36236
36237 38457
38458 40038
40039 41021
41022 42340
42341 45752
45753 47560
47561 48422
48423 49520
49521 51179
51180 54299
54300 57813
57814 60043
60044 62774
62775 65597
65598 68196
68197 69778
69779 72024
72025 77544
77545 79477
79478 80511
80512 83602
83603 85810
85811 87365
87368 91328
91329 93174
93175 94812
94813 98200
98201 101773
101774 105016
105017 111144
111145 113643
113644 116449
116450 121980
121981 124571
124572 128246
128247 132489
132490 133913
133914 136852
