0 1926
1927 3347
3348 5112
5113 6239
6240 8769
8770 11351
11352 12869
12870 14354
14355 16298
16299 17195
17196 18498
18499 20300
20301 21539
21540 23708
23709 25059
25060 26270
26271 27446
27447 28540
28541 29709
29710 30702
30703 32993
32994 34619
34620 36236
36237 38457
38458 40196
40197 41415
41416 42931
42932 46733
46734 48173
48174 49246
49247 50724
50725 52507
52508 55139
55140 59110
59111 61320
61321 64067
64068 66378
66379 68888
68889 70695
70696 73634
73635 77544
77545 79100
79101 80511
80512 83602
83603 86143
86144 87917
87918 92775
92776 93938
93939 96055
96056 98588
98589 101827
101828 105016
105017 110798
110799 113410
113411 116303
116304 120774
120775 123367
123368 126083
126084 130043
130044 132917
132918 134190
134191 136852
