0 2243
2246 3347
3348 5112
5113 6143
6144 9929
9933 12555
12556 14412
14413 16298
16299 17740
17741 19032
19033 21122
21123 23599
23600 25175
25176 25498
25499 26969
26970 27779
27780 28854
28855 29709
29710 30702
30703 33087
33088 34619
34620 36236
36237 38457
38458 39466
39467 41340
41341 42340
42341 44013
44014 46733
46734 49246
49247 49947
49948 51609
51610 54299
54300 57813
57814 60311
60312 62972
62973 65801
65802 68196
68197 70184
70185 71149
71150 74059
74060 77943
77944 79750
79751 82497
82498 85152
85153 86739
86740 87390
87391 91461
91462 93374
93375 95934
95935 98588
98589 101773
101774 105016
105017 110798
110799 113410
113411 116449
116450 120938
120939 124074
124075 126562
126563 130418
130419 133202
133203 134522
134524 136852
