0 1926
1927 3347
3348 5228
5229 6525
6526 9432
9433 11351
11352 12869
12870 14354
14355 16298
16299 17282
17283 18498
18499 20198
20199 21367
21368 23599
23600 24707
24708 25697
25698 27052
27053 27717
27718 28580
28581 29709
29710 30702
30703 32993
32994 34025
34026 36072
36073 38381
38382 39466
39467 41021
41022 42538
42539 46268
46269 47712
47713 48721
48722 49947
49948 51609
51610 55139
55140 59110
59111 61320
61321 64067
64068 66378
66379 68757
68758 70695
70696 73634
73635 77544
77545 78936
78937 80511
80512 83602
83603 86143
86144 87917
87918 92775
92776 93938
93939 96215
96216 99996
99997 102033
102034 105016
105017 110798
110799 113410
113411 116303
116304 120774
120775 124074
124075 127286
127287 131938
131939 134073
134074 136852
