0 2308
2309 3327
3328 4885
4886 6084
6085 8122
8123 9920
9921 10490
10491 17712
17713 18282
18283 23586
23587 29730
29731 34016
34017 36264
36265 38122
38123 42348
42349 43816
43817 45794
45795 48731
48732 49930
49931 53676
53677 57542
57543 62787
62788 63716
63717 66384
66385 68871
68872 71329
71330 73636
73637 74655
74656 77562
77563 79750
79751 81428
81429 82537
82538 83616
83617 84755
84756 85564
85565 87363
87364 88352
88353 90150
90151 92847
92848 96054
96055 98601
98602 101778
101779 102977
102978 105734
105735 107562
107563 110859
110860 111848
111849 113496
113497 116164
116165 118441
118442 120389
120390 123386
123387 124196
124197 125964
125965 126593
126594 127762
127763 129740
129741 130070
130071 131059
131060 131628
131629 134535
134536 136852
