0 19
20 255
256 517
518 699
700 804
805 926
927 1036
1037 1345
1346 1420
1421 1470
1471 1743
1744 1830
1831 1926
1927 2243
2246 2263
2265 2539
2541 2562
2565 2706
2707 2730
2733 2891
2894 2916
2917 3328
3329 3347
3348 3407
3408 3499
3500 3648
3649 3715
3716 4356
4357 4474
4475 4565
4566 4777
4778 4876
4877 4987
4988 5112
5113 5228
5229 5294
5295 5369
5370 5438
5439 5815
5816 5914
5915 6047
6048 6143
6144 6239
6240 6430
6431 6525
6526 6794
6795 7484
7485 7574
7575 7912
7913 8108
8109 8259
8260 8430
8431 8556
8557 8769
8770 9432
9433 9929
9933 9957
9958 10393
10394 10500
10501 10603
10604 10677
10678 11298
11299 11351
11352 11601
11603 11820
11821 12035
12037 12058
12060 12431
12432 12555
12556 12616
12617 12683
12684 12782
12783 12869
12870 12966
12967 13142
13143 13214
13215 13619
13620 13866
13867 14105
14106 14166
14168 14284
14285 14354
14355 14412
14413 14543
14544 14926
14927 15051
15052 15139
15140 15360
15361 15497
15498 15681
15682 15940
15941 16093
16094 16298
16299 16508
16509 16593
16594 16646
16648 16667
16669 16833
16834 16851
16852 16969
16970 17090
17091 17195
17196 17282
17283 17521
17522 17624
17625 17634
17635 17729
17731 17740
17741 18053
18054 18263
18264 18287
18288 18421
18422 18498
18499 18568
18569 18701
18702 18814
18815 18936
18937 19032
19033 19420
19421 19537
19538 19617
19618 19720
19721 20117
20118 20198
20199 20300
20301 20420
20421 20541
20542 20599
20600 20715
20716 20779
20780 20898
20899 21024
21025 21122
21123 21241
21242 21367
21368 21445
21446 21539
21540 22004
22005 22310
22311 22665
22666 22913
22914 23005
23006 23137
23138 23240
23241 23344
23345 23535
23536 23599
23600 23708
23709 24061
24062 24193
24194 24277
24278 24376
24377 24454
24455 24550
24551 24626
24627 24707
24708 24860
24861 24968
24969 25059
25060 25175
25176 25250
25251 25283
25284 25345
25346 25407
25408 25498
25499 25649
25650 25697
25698 25853
25854 25931
25932 26000
26001 26167
26168 26270
26271 26318
26319 26401
26402 26457
26458 26587
26588 26969
26970 26982
26983 27052
27053 27122
27123 27186
27187 27260
27261 27310
27311 27365
27366 27446
27447 27497
27498 27572
27573 27648
27649 27717
27718 27779
27780 27902
27903 27959
27960 28008
28009 28124
28125 28170
28171 28411
28412 28479
28480 28540
28541 28580
28581 28632
28633 28684
28685 28854
28855 28963
28964 29146
29147 29221
29222 29521
29522 29582
29583 29636
29637 29696
29697 29709
29710 30047
30048 30145
30146 30227
30228 30268
30269 30367
30368 30430
30431 30601
30602 30677
30678 30702
30703 31028
31029 31371
31372 31705
31706 32023
32024 32100
32101 32190
32191 32280
32281 32504
32505 32742
32743 32804
32805 32993
32994 33087
33088 33196
33197 33274
33275 33326
33327 33434
33435 33513
33514 33609
33610 33721
33722 33826
33827 34025
34026 34619
34620 34745
34746 34854
34855 34934
34935 34980
34981 35332
35333 35424
35425 35461
35462 35564
35565 35713
35714 35837
35838 36072
36073 36236
36237 37109
37110 37247
37248 37377
37378 37488
37489 37646
37647 37783
37784 37887
37888 38117
38118 38228
38229 38381
38382 38457
38458 38566
38567 38673
38674 38745
38746 38867
38868 39078
39079 39188
39189 39256
39257 39359
39360 39466
39467 40013
40014 40038
40039 40196
40197 40263
40264 40582
40583 40608
40609 40620
40621 40739
40740 40783
40784 40848
40849 40957
40958 41021
41022 41172
41173 41340
41341 41415
41416 41479
41480 41559
41560 41674
41675 41860
41861 42046
42047 42202
42203 42340
42341 42474
42475 42538
42539 42659
42660 42866
42867 42931
42932 43610
43611 43814
43815 43909
43910 44013
44014 45752
45753 45908
45909 46047
46048 46268
46269 46455
46456 46592
46593 46733
46734 46922
46923 47197
47198 47472
47473 47560
47561 47627
47628 47670
47671 47712
47713 47808
47809 47854
47855 47909
47910 47976
47977 48173
48174 48286
48287 48422
48423 48485
48486 48539
48540 48625
48626 48721
48722 49047
49048 49116
49117 49190
49191 49246
49247 49439
49440 49520
49521 49611
49612 49697
49698 49785
49786 49864
49865 49947
49948 50126
50127 50253
50254 50724
50725 50819
50820 50896
50897 50960
50961 51058
51059 51179
51180 51276
51277 51420
51421 51609
51610 52257
52258 52507
52508 53019
53020 53141
53142 53353
53354 53599
53600 53740
53741 54138
54139 54299
54300 55006
55007 55139
55140 55225
55226 56553
56554 56630
56631 56701
56702 57515
57516 57618
57619 57813
57814 57978
57979 58101
58102 59026
59027 59110
59111 59328
59329 59425
59426 59542
59543 59636
59637 59762
59763 59898
59899 60043
60044 60311
60312 61157
61158 61268
61269 61320
61321 61421
61422 61503
61504 61640
61641 61769
61770 62484
62485 62580
62581 62774
62775 62972
62973 63723
63724 64067
64068 64125
64126 64200
64201 64357
64358 64491
64492 65146
65147 65235
65236 65345
65346 65597
65598 65801
65802 66036
66037 66169
66170 66378
66379 67285
67286 67381
67382 67502
67503 67577
67578 67664
67665 67763
67764 67879
67880 68196
68197 68286
68287 68435
68436 68570
68571 68757
68758 68888
68889 69300
69301 69382
69383 69455
69456 69567
69568 69657
69658 69778
69779 70184
70185 70326
70327 70425
70426 70549
70550 70617
70618 70695
70696 70791
70792 70903
70904 70968
70969 71060
71061 71149
71150 71308
71309 71457
71458 72024
72025 72113
72114 72222
72223 72442
72443 73634
73635 73739
73740 73841
73842 74059
74060 74399
74400 74668
74669 75472
75473 75941
75942 76367
76368 76971
76972 77544
77545 77689
77690 77804
77805 77943
77944 78098
78099 78210
78211 78310
78311 78434
78435 78569
78570 78678
78679 78846
78847 78936
78937 79100
79101 79210
79211 79352
79353 79477
79478 79750
79751 79763
79764 79919
79920 80051
80052 80135
80136 80295
80296 80399
80400 80511
80512 80679
80680 81193
81194 81423
81424 82293
82294 82306
82307 82497
82498 82605
82606 82870
82871 83233
83234 83315
83316 83602
83603 83719
83720 84764
84765 85043
85044 85152
85153 85321
85322 85337
85338 85557
85558 85691
85692 85810
85811 86143
86144 86610
86611 86739
86740 86757
86758 86908
86909 87037
87038 87138
87139 87208
87209 87365
87368 87390
87391 87917
87918 88104
88105 88226
88227 88342
88343 90132
90133 90307
90308 90760
90761 91328
91329 91461
91462 92037
92038 92540
92541 92775
92776 92945
92946 93019
93020 93066
93067 93174
93175 93253
93254 93374
93375 93489
93490 93651
93652 93794
93795 93938
93939 94080
94081 94159
94160 94253
94254 94342
94343 94464
94465 94608
94609 94812
94813 95040
95041 95934
95935 96055
96056 96215
96216 96295
96296 96428
96429 97204
97205 97302
97303 97384
97385 97644
97645 97713
97714 98200
98201 98442
98443 98588
98589 99996
99997 100249
100250 100338
100339 100531
100532 100610
100611 100921
100922 101143
101144 101326
101327 101625
101626 101773
101774 101827
101828 102033
102034 102198
102199 102265
102266 102406
102407 102744
102745 102984
102985 103191
103192 103296
103297 103488
103489 103957
103958 104450
104451 105016
105017 105221
105222 105348
105349 105583
105584 105744
105745 107251
107252 107580
107581 108987
108988 109144
109145 109584
109585 110798
110799 110933
110934 111024
111025 111144
111145 111519
111520 111772
111773 111919
111920 112060
112061 112154
112155 112280
112281 112491
112492 113330
113331 113410
113411 113540
113541 113643
113644 113743
113744 113852
113853 114017
114018 114156
114157 114550
114551 114657
114658 114958
114959 116122
116123 116303
116304 116449
116450 116635
116636 116719
116720 117524
117525 117527
117528 118411
118412 118561
118562 118850
118851 119447
119448 119590
119591 120363
120364 120774
120775 120938
120939 121980
121981 122131
122132 122337
122338 122475
122476 122647
122648 122919
122920 123029
123030 123180
123181 123367
123368 123511
123512 124074
124075 124189
124190 124263
124264 124571
124572 125166
125167 125454
125455 125794
125795 125896
125897 125964
125965 126083
126084 126286
126287 126562
126563 126801
126802 127286
127287 127737
127738 128246
128247 128832
128833 129727
129728 129909
129910 130043
130044 130143
130144 130259
130260 130418
130419 131049
131050 131581
131582 131810
131811 131938
131939 132489
132490 132674
132675 132831
132832 132917
132918 133007
133008 133092
133093 133202
133203 133342
133343 133480
133481 133637
133638 133736
133737 133913
133914 134073
134074 134190
134191 134242
134243 134319
134320 134416
134417 134522
134524 134543
134545 134698
134701 134709
134710 136668
136672 136852
