0 1025
1026 1649
1650 3029
3030 4389
4390 6608
6609 8579
8580 9174
9175 10406
10407 11456
11457 12947
12948 14250
14251 15003
15004 16275
16276 17024
17025 17741
17742 18299
18300 20818
20819 22207
22208 23505
23506 24363
24364 24844
24845 25225
25226 26492
26493 29056
29057 30513
30514 31784
31785 34637
34638 36017
36018 36968
36969 38150
38151 39332
39333 39861
39862 41072
41073 41956
41957 43726
43727 44905
44906 46214
46215 48338
48339 49105
49106 49868
49869 50629
50630 51473
51474 52576
52577 54654
54655 57371
57373 59055
59056 59621
59622 60504
60505 60762
60763 61461
61462 62159
62160 63390
63391 66070
66071 67275
67276 68213
68214 70139
70140 73904
