0 1144
1145 1649
1650 4389
4390 6829
6830 8579
8580 9303
9304 10406
10407 11456
11457 12624
12625 13331
13332 14250
14251 15003
15004 15793
15794 16901
16902 17370
17371 17917
17918 18710
18711 21406
21407 22207
22208 23505
23506 24429
24430 24844
24845 25342
25343 26616
26617 29285
29286 30513
30514 31515
31516 32931
32932 35314
35315 36800
36801 38150
38151 39101
39102 39668
39669 40443
40444 40711
40712 41072
41073 42752
42753 44905
44906 46214
46215 49174
49175 50561
50562 51886
51887 54654
54655 57614
57615 58531
58532 59275
59277 60043
60044 60716
60717 61232
61234 61892
61893 62955
62956 64017
64018 66473
66474 67851
67852 68213
68214 70139
70140 73904
