0 1025
1026 1649
1650 3183
3184 4490
4491 7028
7029 9174
9175 10857
10858 12099
12100 13331
13332 14603
14604 15757
15758 17024
17025 17763
17764 18494
18495 20818
20819 22207
22208 23505
23506 24390
24391 24844
24845 25225
25226 26492
26493 29056
29057 30513
30514 31784
31785 34637
34638 36236
36237 37377
37378 38546
38547 39615
39616 40443
40444 41072
41073 41540
41541 42964
42965 44666
44667 45792
45793 47031
47032 48861
48862 49868
49869 50561
50562 51473
51474 52504
52505 54154
54155 57156
57157 58454
58455 59240
59241 60024
60025 60562
60563 61142
61143 61621
61622 62284
62285 63528
63529 65806
65807 67043
67044 68167
68168 68951
68952 70820
70821 73904
