0 1232
1233 2862
2863 4389
4390 6829
6830 8920
8921 9780
9781 10929
10930 12099
12100 13875
13876 14777
14778 15793
15794 17024
17025 17619
17620 18027
18028 18833
18834 21406
21407 22516
22517 23407
23408 24309
24310 24844
24845 25132
25133 25866
25867 27287
27288 29056
29057 30513
30514 31784
31785 34637
34638 36389
36390 37442
37443 38811
38812 39632
39633 40443
40444 41072
41073 41778
41779 43914
43915 45065
45066 46214
46215 48594
48595 49675
49676 50561
50562 51473
51474 52504
52505 53381
53382 56359
56360 57992
57993 59111
59112 59691
59692 60473
60474 60762
60763 61461
61462 62284
62285 63528
63529 66070
66071 67043
67044 68167
68168 69719
69720 73904
