0 1232
1233 2862
2863 4389
4390 7028
7029 8920
8921 9560
9561 10929
10930 12099
12100 13415
13416 14250
14251 15178
15179 16357
16358 17098
17099 17794
17795 18494
18495 21060
21061 22207
22208 23505
23506 24390
24391 24883
24884 25181
25182 26296
26297 28750
28751 30513
30514 32034
32035 34637
34638 36328
36329 37377
37378 38546
38547 39196
39197 39733
39734 40443
40444 40961
40981 41398
41399 42964
42965 44666
44667 46214
46215 48338
48339 49174
49175 50184
50185 50907
50908 51793
51794 52926
52927 55487
55488 57772
57773 59055
59056 59430
59431 60095
60096 60716
60717 61339
61340 62029
62030 63528
63529 66070
66071 67275
67276 68213
68214 70139
70140 73904
