0 1025
1026 1649
1650 3029
3030 4389
4390 6829
6830 8579
8580 9174
9175 10857
10858 11900
11901 14250
14251 15003
15004 16471
16472 17183
17184 17871
17872 18833
18834 21406
21407 22207
22208 23505
23506 24276
24277 24750
24751 25065
25066 26017
26018 27029
27030 29285
29286 30724
30725 31784
31785 34637
34638 36017
36018 36968
36969 38150
38151 39332
39333 39861
39862 41072
41073 41442
41443 42752
42753 43914
43915 44905
44906 46214
46215 47888
47889 49025
49026 49868
49869 50561
50562 51473
51474 52808
52809 54654
54655 56806
56807 58270
58271 59275
59277 60253
60254 60762
60763 61621
61622 62498
62499 64088
64089 66945
66946 68213
68214 69719
69720 73904
