0 1144
1145 2862
2863 4389
4390 7028
7029 8920
8921 9560
9561 10929
10930 12099
12100 13415
13416 14250
14251 15178
15179 16395
16396 17183
17184 17840
17841 18494
18495 20818
20819 22207
22208 23505
23506 24309
24310 24750
24751 25031
25032 25342
25343 26492
26493 28750
28751 30513
30514 31784
31785 34637
34638 36328
36329 37442
37443 38686
38687 39332
39333 39822
39823 40551
40552 41072
41073 41956
41957 43914
43915 44905
44906 46214
46215 48338
48339 49233
49234 50252
50253 50926
50927 51974
51975 53179
53180 56587
56588 58270
58271 59195
59196 59892
59893 60528
60529 61142
61143 61713
61714 62955
62956 65056
65057 67043
67044 68213
68214 70139
70140 73904
