0 1025
1026 1649
1650 3029
3030 4389
4390 5429
5430 8579
8580 9303
9304 10929
10930 11702
11703 13150
13151 14250
14251 15003
15004 16167
16168 17024
17025 17741
17742 18027
18028 19310
19311 21678
21679 22711
22712 23792
23793 24390
24391 24961
24962 25342
25343 26492
26493 29056
29057 30513
30514 31784
31785 34637
34638 36328
36329 38150
38151 39332
39333 39861
39862 41072
41073 42226
42227 43914
43915 44905
44906 46214
46215 48338
48339 49105
49106 49868
49869 50629
50630 51473
51474 52504
52505 54654
54655 57371
57373 58958
58959 59389
59390 60473
60474 60762
60763 61461
61462 62159
62160 62955
62956 64088
64089 66828
66829 67997
67998 69719
69720 73904
