0 1025
1026 1980
1981 3532
3533 4849
4850 8579
8580 9374
9375 10929
10930 12099
12100 13331
13332 14250
14251 15003
15004 16167
16168 16994
16995 17741
17742 18494
18495 21060
21061 22207
22208 23505
23506 24309
24310 24844
24845 25181
25182 26492
26493 28750
28751 30724
30725 31784
31785 34637
34638 36328
36329 37377
37378 38546
38547 39101
39102 39656
39657 40443
40444 40961
40981 41386
41387 42226
42227 43914
43915 45188
45189 46470
46471 48861
48862 49734
49735 50485
50486 51025
51026 51974
51975 53179
53180 56587
56588 58363
58364 59332
59333 60043
60044 60716
60717 61339
61340 62159
62160 63920
63921 66602
66603 67423
67424 68708
68709 70820
70821 73904
