0.000000000000000000e+00
9.000000000000000000e+00
1.300000000000000000e+01
2.800000000000000000e+01
3.600000000000000000e+01
4.300000000000000000e+01
5.100000000000000000e+01
6.000000000000000000e+01
6.800000000000000000e+01
7.600000000000000000e+01
8.200000000000000000e+01
9.200000000000000000e+01
9.900000000000000000e+01
1.060000000000000000e+02
1.160000000000000000e+02
1.230000000000000000e+02
1.330000000000000000e+02
1.420000000000000000e+02
1.510000000000000000e+02
1.580000000000000000e+02
1.680000000000000000e+02
1.800000000000000000e+02
1.880000000000000000e+02
2.020000000000000000e+02
2.120000000000000000e+02
2.220000000000000000e+02
2.300000000000000000e+02
2.370000000000000000e+02
2.460000000000000000e+02
2.530000000000000000e+02
2.620000000000000000e+02
2.720000000000000000e+02
2.820000000000000000e+02
2.920000000000000000e+02
3.020000000000000000e+02
3.120000000000000000e+02
3.230000000000000000e+02
3.320000000000000000e+02
3.420000000000000000e+02
3.490000000000000000e+02
3.600000000000000000e+02
3.700000000000000000e+02
3.820000000000000000e+02
3.940000000000000000e+02
4.090000000000000000e+02
4.190000000000000000e+02
4.260000000000000000e+02
4.350000000000000000e+02
4.460000000000000000e+02
4.580000000000000000e+02
4.660000000000000000e+02
4.760000000000000000e+02
4.840000000000000000e+02
4.910000000000000000e+02
4.980000000000000000e+02
5.100000000000000000e+02
5.140000000000000000e+02
5.230000000000000000e+02
5.310000000000000000e+02
