0 649
650 1980
1981 3532
3533 4849
4850 6608
6609 8175
8176 8920
8921 9430
9431 9780
9781 10406
10407 10929
10930 11456
11457 14250
14251 15757
15758 17183
17184 18299
18300 18833
18834 19310
19311 21406
21407 22207
22208 23505
23506 25602
25603 27866
27867 28750
28751 29493
29494 30969
30970 32931
32932 34637
34638 35729
35730 36504
36505 37914
37915 38150
38151 40146
40147 40443
40444 41072
41073 41540
41541 42752
42753 44477
44478 45376
45377 46214
46215 49105
49106 51473
51474 53381
53382 54154
54155 56359
56360 57156
57157 57992
57993 58958
58959 61090
61091 62159
62160 63528
63529 65056
65057 66070
66071 66602
66603 69369
69370 71842
71843 73904
