0 29
30 155
156 275
276 392
393 468
469 526
527 603
604 691
692 890
891 1081
1082 1354
1355 1457
1458 1647
1648 1754
1755 2158
2159 2278
2279 2407
2408 2579
2580 2617
2618 2685
2686 2993
2994 3148
3149 3255
3256 3315
3316 3568
3569 3633
3634 3997
3998 4115
4116 4231
4232 4364
4365 4964
4965 5045
5046 5262
5263 5571
5572 5727
5728 5935
5936 6131
6132 7176
7177 7205
7206 7597
7598 7635
7636 7793
7794 7906
7907 7936
7937 7965
7966 8154
8155 8832
8833 10084
10085 10493
10494 10706
10707 10708
10709 10823
10824 10906
10907 11206
11207 11860
11861 12029
12030 12276
12277 12446
12447 13124
13125 13435
13436 13513
13514 13772
13773 13830
13831 14003
14004 14077
14078 14297
14298 14448
14449 14884
14885 15110
15111 15334
15335 15561
15562 16046
16047 16145
16146 16884
16885 17007
17008 17105
17106 17344
17345 21248
21249 21338
21339 21428
21429 21513
21514 21547
