0 2895
2896 5081
5082 6858
6859 9813
9814 12521
12522 14732
14733 16218
16219 17062
17063 19325
19326 21711
21712 23358
23359 24273
24274 25489
25490 27301
27302 28680
28681 29440
29441 30760
30761 32170
32171 33375
33376 34460
34461 35092
35093 36219
36220 37699
37700 41397
41398 43174
43175 45741
45742 47357
47358 48156
48157 49688
49689 51188
51189 53539
53540 54381
54382 55220
55221 57222
57223 58473
58474 59940
59941 61593
61594 62438
62439 63366
63367 64092
64093 65287
65288 67031
67032 68150
68151 69732
69934 71109
71110 73854
