0 2589
2695 4870
4871 6588
6589 8386
8387 10779
10780 12521
12522 15101
15102 16348
16349 17127
17128 20012
20013 22074
22076 23463
23464 24542
24543 25779
25780 27301
27302 28797
28798 30108
30109 32170
32171 34090
34091 35092
35093 36219
36220 37699
37700 41339
41340 42979
42980 45741
45742 47357
47358 48389
48390 50136
50137 52180
52181 53910
53911 54461
54462 55078
55079 56965
56966 58198
58199 59312
59313 60586
60587 61888
61889 62626
62627 63581
63582 64431
64432 65484
65485 67185
67186 68464
68465 70167
70168 71109
71110 73854
