0.000000000000000000e+00
7.000000000000000000e+00
1.300000000000000000e+01
2.100000000000000000e+01
2.800000000000000000e+01
5.100000000000000000e+01
6.300000000000000000e+01
7.100000000000000000e+01
7.900000000000000000e+01
8.600000000000000000e+01
9.700000000000000000e+01
1.060000000000000000e+02
1.130000000000000000e+02
1.260000000000000000e+02
1.340000000000000000e+02
1.420000000000000000e+02
1.500000000000000000e+02
1.570000000000000000e+02
1.650000000000000000e+02
1.710000000000000000e+02
1.770000000000000000e+02
1.840000000000000000e+02
1.920000000000000000e+02
2.000000000000000000e+02
2.070000000000000000e+02
2.160000000000000000e+02
2.260000000000000000e+02
2.380000000000000000e+02
2.470000000000000000e+02
2.580000000000000000e+02
2.690000000000000000e+02
2.850000000000000000e+02
2.920000000000000000e+02
3.020000000000000000e+02
3.110000000000000000e+02
3.230000000000000000e+02
3.280000000000000000e+02
3.410000000000000000e+02
3.530000000000000000e+02
3.630000000000000000e+02
3.730000000000000000e+02
3.820000000000000000e+02
3.950000000000000000e+02
4.040000000000000000e+02
4.140000000000000000e+02
4.260000000000000000e+02
4.370000000000000000e+02
4.450000000000000000e+02
