0 2110
2111 3570
3571 4672
4673 5924
5925 10779
10780 12999
13263 15101
15102 16348
16349 16920
16921 19325
19326 22074
22076 23294
23295 24713
24714 25858
25859 27554
27555 28680
28681 29716
29717 30952
30953 32170
32171 33287
33288 34298
34299 35042
35043 35409
35410 36376
36377 37699
37700 41442
41443 44630
44631 46772
46773 48003
48004 50961
50962 53255
53256 54018
54019 54591
54592 56444
56445 57222
57223 59001
59002 60586
60587 61888
61889 62843
62844 63512
63513 64799
64800 65703
65704 67666
67667 69309
69310 70993
70994 73854
