0 1301
1302 3570
3571 4870
4871 6480
6481 7403
7404 9027
9028 11077
11078 12718
12719 15802
15803 17062
17063 19325
19326 21366
21367 23200
23201 23961
24031 25489
25490 27301
27302 28797
28798 30307
30308 32170
32171 34298
34299 35092
35093 36219
36220 38000
38001 41339
41340 42979
42980 45741
45742 47357
47358 48156
48157 49958
49959 51188
51189 53539
53540 54461
54462 55220
55221 57110
57111 58198
58199 59818
59819 61414
61415 62438
62439 63512
63513 64092
64093 65194
65195 67031
67032 68150
68151 69732
69934 71175
71176 73854
