0 2589
2695 3922
3923 5460
5461 6858
6859 8540
8541 11077
11078 12999
13263 15580
15581 16920
16921 19325
19326 21711
21712 23463
23464 24669
24670 26177
26178 27925
27926 28995
28996 30560
30561 32170
32171 33957
33958 34807
34808 35409
35410 36895
36896 38966
38967 41442
41443 44630
44631 46132
46133 47404
47405 48389
48390 49958
49959 51188
51189 53465
53466 54381
54382 55220
55221 57222
57223 58768
58769 60260
60261 61753
61754 62438
62439 63366
63367 64092
64093 65194
65195 66702
66703 68150
68151 69399
69400 70847
70848 73854
