0 1
2 248
249 636
637 857
858 957
958 1070
1071 1347
1348 1449
1450 1603
1604 1722
1723 1865
1866 1993
1994 2187
2188 2628
2629 2765
2766 2788
2789 2950
2951 3087
3088 3240
3241 3336
3337 3349
3352 3469
3470 3598
3599 4135
4136 4220
4221 4262
4265 4416
4417 4461
4462 5000
5001 5150
5151 5439
5440 5528
5529 5627
5630 5662
5665 5772
5773 5955
5956 6123
6124 6259
6260 6377
6378 6589
6590 6853
6854 7316
7317 7463
7464 7596
7597 7711
7712 8080
8081 8326
8327 8486
8487 8576
8577 8947
8948 9049
9050 9742
9743 9849
9850 10364
10365 10507
10508 10874
10875 10941
10942 11367
11368 11599
11600 11724
11725 12219
12220 12452
12453 12813
12815 12839
12842 12862
12864 12874
12876 14019
14020 14037
14038 14113
14115 14135
14136 14193
14195 14611
14612 14696
14698 15241
15242 15279
15280 15376
15377 15424
15425 15709
15710 15874
15875 15881
15882 16053
16054 16215
16216 16255
16256 16576
16577 16936
16937 17349
17350 18849
18850 18968
18969 19113
19118 19368
19369 19384
19386 19397
19398 19428
19430 19441
19442 19472
19473 19481
19482 19516
19517 19525
19526 19565
19566 19780
19782 19796
19799 20502
20503 21177
21178 21525
21528 21616
21617 21987
21988 22200
22201 22873
22874 22990
22995 23757
23759 25023
25024 26648
26650 27464
27466 29099
29105 29116
29117 29220
29221 29531
29532 29784
29785 30494
30495 31127
31128 31291
31292 31743
31744 31928
31929 32525
32526 32621
32624 32638
32640 34292
34293 35042
35043 35192
35193 35351
35354 35472
35473 35487
35488 35510
35512 35549
35550 35722
35723 35789
35790 35892
35893 36881
36882 36911
36912 36948
36949 36959
36962 36980
36982 37075
37077 37504
37505 37635
37637 37799
