0 156
157 241
242 341
342 724
727 930
934 1154
1156 1162
1167 1313
1315 1342
1344 1384
1385 1417
1418 1454
1455 1489
1490 1518
1519 1558
1559 1596
1597 1644
1645 1775
1777 1863
1864 1962
1963 2055
2056 2143
2144 2222
2223 2320
2321 2384
2385 2518
2519 2631
2633 2690
2691 2727
2728 2789
2790 2843
2844 2886
2887 2941
2942 2975
2976 3018
3019 3073
3075 3107
3110 3199
3200 3285
3286 3523
3525 3573
3574 3616
3617 3647
3648 3753
3756 3892
3895 4019
4021 4138
4140 4232
4233 4267
4268 4375
4376 4501
4502 4666
4667 4758
4760 4790
4794 5077
5079 5174
5175 5267
5268 5344
5345 5459
5462 5563
5565 5672
5675 5791
5794 5900
5904 5991
5992 6018
6019 6059
6062 6132
6133 6196
6197 6301
6303 6487
6488 6540
6541 6585
6586 6617
6618 6664
6665 6952
6953 7296
7298 7327
7329 7672
7674 7790
7791 7922
7923 8018
8019 8124
8125 8162
8163 8199
8200 8255
8257 8365
8366 8444
8445 8569
8571 8761
8762 8946
8948 9172
9173 9327
9328 9389
9390 9453
9454 9516
9517 9609
9610 9676
9677 9752
9753 9895
9896 9967
9968 10093
10096 10203
10205 10333
10334 10500
10501 10627
10628 10695
10696 10826
10829 10918
10919 11042
11043 11179
11180 11314
11315 11425
11426 11562
11565 11594
11596 11914
11915 12017
12023 12058
12062 12295
12296 12448
12449 12521
12522 12610
12611 12755
12758 12790
12793 12930
12933 13094
13098 13374
13375 13605
13608 13731
13733 13816
13819 13906
13910 13982
13985 14152
14154 14183
14186 14514
14517 14686
14689 14759
