0 772
773 980
981 991
993 1176
1179 1274
1277 1655
1656 1757
1758 1837
1838 1897
1898 1917
1918 2017
2018 2421
2422 3228
3229 3479
3480 3528
3529 3576
3577 3829
3834 4321
4322 4328
4329 4498
4499 4764
4765 5124
5125 5321
5323 5366
5367 5780
5781 5846
5847 5942
5943 6009
6010 6031
6032 6071
6072 6141
6142 6204
6205 6276
6277 6288
6289 6371
6372 6412
6413 6437
6438 6478
6479 6520
6521 6576
6577 6616
6617 6637
6638 6661
6662 6726
6729 6829
6830 6962
6963 7070
7071 7110
7111 7301
7302 7331
7332 7368
7369 7384
7385 7478
7479 7610
7611 7927
7928 8091
8094 8329
8330 8384
8385 8404
8405 8428
8429 8537
8538 8721
8722 8933
8934 9066
9067 9143
9144 9285
9286 9309
9310 9319
9320 9615
9619 9723
9724 9803
9804 10494
10495 10567
10568 10693
10694 10726
10727 10799
10800 10838
10839 10867
10868 10896
10897 10924
10925 10964
10965 10997
10998 11034
11035 11207
11208 11291
11292 11341
11342 11389
11390 11409
11410 11451
11452 11471
11472 11509
11510 12181
12182 12416
12417 12496
12497 12579
12580 12671
12673 13687
13692 15585
