0 82
86 119
120 751
752 1055
1056 1168
1169 1294
1295 1318
1319 1369
1370 1424
1425 1454
1455 1493
1494 1551
1552 1636
1637 1662
1663 1776
1777 1954
1955 2059
2060 2124
2125 2428
2429 2623
2624 2779
2780 2834
2835 2880
2881 2954
2955 3031
3032 3143
3144 3216
3217 3314
3315 3383
3384 3623
3628 3634
3638 3739
3740 3889
3890 4233
4234 4260
4261 4321
4322 4335
4336 4367
4368 4424
4425 4480
4481 4554
4555 4604
4605 4670
4671 4713
4714 4742
4743 4874
4875 4919
4920 4943
4944 5081
5082 5157
5158 5266
5267 5378
5379 5955
5956 6070
6071 6111
6112 6138
6139 6220
6221 6317
6318 6373
6374 6518
6519 6557
6558 6614
6615 6690
6691 6802
6803 6899
6900 6943
6944 7133
7134 7265
7266 7350
7351 7413
7414 7466
7467 7502
7503 7572
7573 7614
7617 7655
7656 7732
7733 7768
7769 7875
7876 7928
7929 7970
7971 7984
7985 8046
8047 8098
8099 8143
8144 8214
8215 8393
8394 8434
8435 8479
8480 8799
8804 9132
9133 9189
9190 9524
9525 9961
9962 10219
10220 10357
10358 10449
10450 10616
10617 10663
10664 10906
10907 10949
10950 10992
10993 11092
11093 11198
11199 11399
11400 11485
11486 11608
11609 11699
11700 11782
11783 12058
12059 12138
12139 12209
12210 12303
12304 12394
12395 12561
12562 12637
12638 12806
12807 12871
12872 12943
12944 12985
12986 13034
13035 13045
13046 13129
13130 13178
13179 13318
13319 13371
13372 13423
13424 13431
13432 13750
13751 14056
14057 14091
14092 14139
14140 14176
14177 14247
14248 14287
14288 14353
14354 14374
14375 14436
14437 14454
14455 14551
14552 14619
14620 14649
14650 14684
14685 14730
14731 14801
14802 14875
14876 14921
14922 15383
15384 15538
15539 15718
15719 15824
15825 15866
15867 15900
15901 15988
15989 16023
16024 16425
16426 16510
16511 16806
16807 17040
17041 17857
17858 18510
18511 18592
18593 18845
18847 21311
