0 1451
1453 2108
2109 2260
2261 2277
2278 2295
2296 2317
2318 2355
2356 2377
2378 2421
2422 2598
2599 2689
2690 2941
2942 2978
2979 3023
3024 3057
3058 3103
3104 3192
3193 3334
3335 3411
3412 3471
3472 3537
3538 3593
3594 3666
3667 3772
3773 3847
3848 3892
3893 3918
3919 3943
3944 3994
3995 4054
4055 4106
4107 4130
4131 4200
4201 4239
4240 4277
4278 4328
4329 4394
4395 4492
4493 4555
4556 4590
4591 4648
4649 4763
4765 4892
4893 5130
5131 5167
5168 5491
5492 5694
5695 5965
5966 6009
6010 6038
6039 6072
6073 6170
6171 6177
6178 6260
6262 6449
6450 6508
6509 6620
6621 6762
6763 6776
6777 6873
6874 7089
7090 7167
7168 7215
7216 7475
7476 7799
7800 7813
7814 7904
7905 7974
7975 8046
8047 8164
8165 8243
8244 8445
8446 8458
8459 8614
8615 8664
8665 8719
8720 8821
8822 9313
9314 9602
9603 9760
9761 9790
9791 10250
10251 10592
10593 10753
10754 10871
10872 11198
11199 11580
11581 11794
11795 12418
12419 13287
13288 13929
13930 14758
14759 15700
15701 16685
16686 16876
16877 17088
17089 17256
17257 17474
17475 17574
17575 17650
17651 17740
17741 17920
17921 18083
18084 18203
18204 18270
18271 18336
18337 18486
18487 18580
18581 18850
18851 18902
18903 19048
19049 19118
19119 19203
19204 19252
19253 19307
19308 19487
19488 19706
19707 20831
20832 21453
21454 21503
21504 21539
21540 21591
21592 21633
21634 21801
21802 21889
21890 21940
21941 22000
22001 22081
22082 22196
22197 22255
22256 22420
22421 22597
22600 22835
22836 23258
23259 23353
23354 23556
23557 23599
23600 23799
23800 23885
23886 24135
24136 24195
24196 24252
24253 24454
24455 24599
24600 24654
24655 24723
24724 24807
24808 24848
24849 24889
24890 24926
24927 24954
24955 25078
25079 25247
25248 25397
25398 25489
25490 25518
25519 25567
25568 25624
25625 26258
26259 26405
26406 26428
26429 26451
26452 26494
26495 26517
26518 26568
26569 26588
26589 26616
26617 26718
26719 26737
26738 26945
26946 27093
27094 27212
27213 27466
27467 27633
27634 28591
28592 28649
28650 28753
28754 28834
28835 29110
29111 29179
29180 29468
29469 29692
29693 29715
29716 29942
29943 30012
30013 30077
30078 30143
30144 30306
30307 30566
30567 30796
30797 30942
30943 31006
31007 31071
31072 31102
31103 31126
31127 31160
31161 31204
31205 31230
31231 31292
31293 31325
31326 31390
31391 31604
31605 31979
31982 32143
32144 33167
33168 33315
33316 33784
33785 33917
33918 34021
34022 34690
34691 34918
34919 35347
35348 35409
35410 35954
35955 36033
36034 36080
36081 36125
36126 36219
36220 36287
36288 36352
36353 36421
36422 36638
36639 37166
37167 37185
37186 37301
37304 37426
37427 37488
37489 37533
37534 37572
37573 37652
37653 37770
37771 37821
37822 38008
38009 38097
38098 38206
38207 38246
38247 38302
38303 38379
38380 38459
38460 38559
38560 38626
38627 38700
38701 39373
39374 39398
39399 39583
39584 39752
39753 39935
39936 39981
39982 40331
40332 40489
40490 41308
41309 41902
41903 41971
41972 42065
42066 42178
42179 42279
42280 42331
42332 42414
42415 42474
42475 42586
42587 42747
42748 42806
42807 42908
42909 42925
42926 43031
43032 43503
43504 43934
43935 43946
43947 45150
45151 45354
45355 45407
45408 45454
45455 45542
45543 45654
45655 45746
45747 45789
45790 45817
45818 45846
45847 45909
45910 46019
46020 46054
46055 46087
46088 46133
46134 46177
46178 46247
46248 46485
46486 46515
46516 46549
46550 46570
46571 46592
46593 46613
46614 46631
46632 46647
46648 46659
46660 46754
46755 46805
46806 46834
46835 46853
46854 46890
46891 46932
46933 47065
47066 47169
47170 47300
47301 47402
47403 47475
47476 47511
47512 47552
47553 47641
47642 47709
47710 47819
47820 47957
47958 48080
48081 48116
48117 48192
48193 48226
48227 48289
48290 48605
48606 48721
48722 48919
48920 49473
49474 49725
49729 49809
49811 49870
49874 50109
50110 51192
51193 51274
51275 51478
51479 51550
51551 51657
51658 51725
51726 51959
51960 52062
52064 52128
52129 52308
52309 52417
52418 52440
52441 52488
52489 52507
52508 52524
52525 52555
52556 52649
52650 52691
52692 52737
52738 52761
52762 52835
52836 52925
52926 52993
52994 53128
53129 53183
53184 53250
53251 53836
53837 53873
53874 53907
53908 53926
53927 54112
54113 55247
55248 55272
55273 55300
55301 55354
55355 55474
55475 55618
55619 55843
55844 55927
55928 56025
56026 56109
56110 56259
56260 56308
56309 56354
56355 56389
56390 56444
56445 56492
56493 56506
56507 56571
56572 56701
56702 56766
56767 56797
56798 56845
56846 56869
56870 56920
56921 56984
56985 57055
57056 57099
57100 57117
57118 57151
57152 57168
57169 57208
57209 57330
57331 57421
57422 57513
57514 57591
57592 57640
57641 57755
57756 58375
58376 58478
58479 58502
58503 58610
58611 59046
59047 59111
59112 59173
59174 59345
59346 59457
59458 59483
59484 59562
59563 59757
59758 59791
59792 59866
59867 60035
60036 60076
60077 60124
60125 60369
60370 60468
60469 60577
60578 60635
60636 60714
60715 60775
60776 60888
60889 61053
61054 61178
61179 61322
61323 61350
61351 61477
61478 61631
61632 61668
61670 61728
61729 61877
61878 61964
61965 62031
62032 62096
62097 62216
62217 62957
62960 64653
64654 64786
64787 64906
64907 64923
64924 65043
65044 65061
65062 65181
65182 65200
65201 65320
65321 65339
65340 65460
65461 65473
65474 65593
65594 65610
65611 65730
65731 65748
65749 65867
65868 65883
65884 66018
66020 66080
66083 66686
