0 3556
3557 5863
5864 9528
9529 11035
11036 13697
13698 14446
14447 15785
15786 17036
17201 18741
18742 20207
20208 21493
21494 23310
23311 25278
25279 27127
27128 27872
27873 30146
30147 31491
31492 33779
33780 36555
36556 38400
38608 40183
40184 42435
42536 44966
44967 46230
46231 47102
47103 49103
49104 50146
50147 50524
50525 51058
51059 51619
51620 52921
52922 53992
53993 55438
55439 56973
56974 58076
58077 59475
59476 60522
60523 61529
61530 63099
63100 64279
64280 65079
65080 65580
65581 66086
66087 66494
66495 67817
67818 73849
