0 3070
3071 4432
4433 6714
6715 8831
8832 9822
9823 11035
11036 13483
13484 14316
14317 15394
15395 16337
16338 18241
18242 20633
20762 21526
21527 23932
23933 26334
26335 27626
27627 30046
30047 31491
31492 33950
33951 37260
37261 39256
39257 41376
41377 43080
43081 45283
45284 46605
46606 48037
48038 49780
49781 50623
50624 51434
51435 52543
52544 53769
53770 55319
55320 56484
56485 57587
57588 58323
58324 59475
59476 60931
60932 61790
61791 63099
63100 64005
64006 65079
65080 65580
65581 66086
66087 66494
66495 67677
67678 73849
