0 3323
3324 5462
5463 8831
8832 10310
10311 12646
12647 13832
13833 14770
14771 15785
15786 17036
17201 18741
18742 20298
20299 21493
21494 23776
23777 25575
25576 26998
26999 27769
27770 29504
29505 30655
30656 32516
32517 35464
35465 38188
38189 40183
40184 42929
42930 44966
44967 46362
46363 47156
47157 49507
49508 50441
50442 51185
51186 52112
52113 53769
53770 55438
55439 56973
56974 58152
58153 59475
59476 60691
60692 61529
61530 63099
63100 64095
64096 64981
64982 65442
65443 66026
66027 66444
66445 67286
67287 69195
69196 73849
