0 3556
3557 5863
5864 9528
9529 10748
10749 13096
13097 13984
13985 14832
14833 16057
16058 17609
17610 18741
18742 20298
20299 21760
21761 23932
23933 26288
26289 27320
27321 28914
28915 30655
30656 32143
32144 33950
33951 36713
36714 38400
38608 40183
40184 42929
42930 45099
45100 46362
46363 47156
47157 49175
49176 50213
50214 50738
50739 51434
51435 52112
52113 53769
53770 55438
55439 56973
56974 58152
58153 59475
59476 60691
60692 61529
61530 63099
63100 64353
64354 65079
65080 65580
65581 66086
66087 66494
66495 67677
67678 73849
