0 3556
3557 5863
5864 8831
8832 9822
9823 11035
11036 13270
13271 14041
14042 14770
14771 15812
15813 16966
16967 18741
18742 20633
20762 21760
21761 24728
24729 27127
27128 29504
29505 30655
30656 32143
32144 33950
33951 37578
37579 39943
39944 42435
42536 45283
45284 46362
46363 47544
47545 49507
49508 50623
50624 51321
51322 52282
52283 53769
53770 55319
55320 56484
56485 57587
57588 58323
58324 59475
59476 60522
60523 61248
61249 61942
61943 63099
63100 64279
64280 65079
65080 65580
65581 66086
66087 66494
66495 67677
67678 73849
