0 3556
3557 5462
5463 8831
8832 10748
10749 13096
13097 14041
14042 14770
14771 15812
15813 16966
16967 18741
18742 20633
20762 21760
21761 24728
24729 27127
27128 29504
29505 30655
30656 32143
32144 33950
33951 36936
36937 39256
39257 40858
40859 42929
42930 45283
45284 46362
46363 48037
48038 49507
49508 50524
50525 51321
51322 52112
52113 53769
53770 55785
55786 57288
57289 58076
58077 59475
59476 60522
60523 61248
61249 61942
61943 63099
63100 64457
64458 65079
65080 65343
65344 65710
65711 66176
66177 66708
66709 67973
67974 73849
