0 3070
3071 4432
4433 6899
6900 8831
8832 9822
9823 11035
11036 13270
13271 14041
14042 14770
14771 15886
15887 16966
16967 18741
18742 21493
21494 21526
21527 25027
25028 27127
27128 29504
29505 30655
30656 32143
32144 33950
33951 38188
38189 41574
41575 45283
45284 46362
46363 49269
49270 50623
50624 51600
51601 52543
52544 53769
53770 55438
55439 56484
56485 57587
57588 58076
58077 58863
58864 59828
59829 61000
61001 61790
61791 63099
63100 64095
64096 65079
65080 65580
65581 66086
66087 66444
66445 66964
66965 67677
67678 73849
