0 3070
3071 4432
4433 6899
6900 9528
9529 10748
10749 13096
13097 14041
14042 14770
14771 15785
15786 17036
17201 18741
18742 20633
20762 22500
22501 24728
24729 26998
26999 28183
28254 30311
30312 32143
32144 33779
33780 36936
36937 39102
39103 40858
40859 42929
42930 45283
45284 46362
46363 47247
47248 49103
49104 49780
49781 50623
50624 51321
51322 52112
52113 53769
53770 55319
55320 56772
56773 58034
58035 59193
59194 60522
60523 61642
61643 63458
63459 64457
64458 65167
65168 65580
65581 66061
66062 66476
66477 67677
67678 73849
