0.000000000000000000e+00
1.400000000000000000e+01
2.200000000000000000e+01
3.900000000000000000e+01
4.800000000000000000e+01
6.000000000000000000e+01
7.700000000000000000e+01
8.400000000000000000e+01
9.100000000000000000e+01
9.900000000000000000e+01
1.060000000000000000e+02
1.120000000000000000e+02
1.210000000000000000e+02
1.250000000000000000e+02
1.320000000000000000e+02
1.380000000000000000e+02
1.430000000000000000e+02
1.520000000000000000e+02
1.620000000000000000e+02
1.710000000000000000e+02
1.770000000000000000e+02
1.830000000000000000e+02
1.900000000000000000e+02
1.980000000000000000e+02
2.050000000000000000e+02
2.120000000000000000e+02
2.200000000000000000e+02
2.260000000000000000e+02
2.320000000000000000e+02
2.400000000000000000e+02
2.460000000000000000e+02
2.550000000000000000e+02
2.660000000000000000e+02
2.760000000000000000e+02
2.830000000000000000e+02
2.960000000000000000e+02
3.070000000000000000e+02
3.160000000000000000e+02
3.250000000000000000e+02
3.360000000000000000e+02
3.470000000000000000e+02
3.550000000000000000e+02
3.640000000000000000e+02
3.740000000000000000e+02
3.860000000000000000e+02
3.980000000000000000e+02
4.050000000000000000e+02
4.100000000000000000e+02
