0 4432
4433 6899
6900 10748
10749 13270
13271 14446
14447 16337
16338 17754
17755 18741
18742 19959
19960 20532
20533 21493
21494 22763
22764 24728
24729 26288
26289 27127
27128 27626
27627 28914
28915 30438
30439 32143
32144 34624
34625 37260
37261 39256
39257 40858
40859 42435
42536 44374
44375 45853
45854 46798
46799 47247
47248 49175
49176 50146
50147 50623
50624 51321
51322 51886
51887 53357
53358 55438
55439 57587
57588 58618
58619 60084
60085 61248
61249 63099
63100 64457
64458 65167
65168 65710
65711 66708
66709 67973
67974 73849
