0 649
650 1984
1985 4259
4260 7537
7538 8210
8211 11035
11036 14246
14247 16756
16757 17754
17755 18241
18242 18741
18742 21031
21032 22500
22501 23932
23933 24728
24729 25278
25279 26288
26289 28914
28915 29794
29795 30146
30147 30655
30656 32143
32144 33950
33951 35878
35879 36713
36714 38400
38608 39369
39370 41125
41126 42929
42930 43964
43965 45099
45100 46798
46799 48037
48038 50146
50147 52112
52113 53769
53770 55319
55320 55785
55786 56973
56974 58323
58324 59475
59476 61942
61943 63099
63100 67286
67287 72202
72275 73849
