0 2088
2089 3118
3119 4819
4820 5778
5779 6292
6293 7355
7356 8632
8633 9833
9834 10979
10980 12728
12729 13751
13752 15476
15477 16692
16693 18098
18099 19206
19207 20233
20234 21552
21553 24100
24101 25618
25619 27129
27130 27968
27969 29486
29487 31051
31052 33389
33390 34594
34595 35710
35711 37257
37258 38253
38254 39270
39271 40827
40828 42198
42199 43741
43742 44935
44936 45521
45522 46627
46628 47816
47817 49644
49645 50057
50058 51313
51314 52700
52701 54006
54007 55143
55144 56255
56257 56952
56953 57710
57711 58813
58814 59754
59755 60532
60533 61104
61105 62872
62873 63701
63702 64394
64395 65254
65255 68411
68412 69835
69836 71143
71144 73544
