0 2088
2089 3118
3119 4225
4226 5195
5196 5874
5875 6292
6293 7160
7194 8297
8298 9833
9834 10357
10358 11873
11874 12728
12729 13378
13379 16032
16033 16692
16693 18098
18099 19047
19048 20506
20507 21635
21636 24166
24167 25129
25130 26712
26713 27665
27666 29079
29080 29941
29942 31207
31208 33389
33390 34292
34293 35209
35210 36501
36502 38253
38254 38981
38982 40465
40466 42198
42199 43741
43742 44634
44635 44996
44997 45838
45839 46592
46593 47427
47428 48200
48201 49644
49645 49923
49924 50404
50405 52241
52242 53360
53361 54450
54451 55305
55306 56255
56257 57710
57711 60233
60234 63540
63541 65254
65255 68027
68028 69589
69590 70974
70975 73544
