0 2088
2089 3868
3869 4930
4931 5874
5875 6292
6293 7355
7356 8297
8298 9316
9317 10505
10506 11873
11874 12829
12830 14804
14805 16385
16386 17328
17329 18525
18526 19719
19720 20591
20592 21929
21930 24100
24101 24870
24871 25934
25935 27129
27130 28537
28538 29413
29414 30568
30569 32094
32095 33702
33703 34367
34368 35209
35210 36623
36624 38253
38254 39127
39128 40623
40624 42198
42199 43741
43742 44758
44759 45350
45351 46232
46233 46709
46710 47816
47817 49644
49645 50404
50405 51222
51223 52241
52242 54244
54245 55305
55306 56165
56166 57637
57638 59098
59099 60624
60625 62766
62767 64036
64037 65254
65255 68027
68028 69589
69590 70974
70975 73544
