0.000000000000000000e+00
8.000000000000000000e+00
1.400000000000000000e+01
2.500000000000000000e+01
3.500000000000000000e+01
4.100000000000000000e+01
5.000000000000000000e+01
5.600000000000000000e+01
6.300000000000000000e+01
7.000000000000000000e+01
7.600000000000000000e+01
8.500000000000000000e+01
8.900000000000000000e+01
9.700000000000000000e+01
1.070000000000000000e+02
1.160000000000000000e+02
1.220000000000000000e+02
1.330000000000000000e+02
1.400000000000000000e+02
1.470000000000000000e+02
1.550000000000000000e+02
1.620000000000000000e+02
1.690000000000000000e+02
1.790000000000000000e+02
1.860000000000000000e+02
1.960000000000000000e+02
2.060000000000000000e+02
2.140000000000000000e+02
2.200000000000000000e+02
2.240000000000000000e+02
2.340000000000000000e+02
2.400000000000000000e+02
2.500000000000000000e+02
2.610000000000000000e+02
2.700000000000000000e+02
2.790000000000000000e+02
2.890000000000000000e+02
3.000000000000000000e+02
3.100000000000000000e+02
3.200000000000000000e+02
3.310000000000000000e+02
3.380000000000000000e+02
3.450000000000000000e+02
3.570000000000000000e+02
3.690000000000000000e+02
3.740000000000000000e+02
3.800000000000000000e+02
3.890000000000000000e+02
3.970000000000000000e+02
4.060000000000000000e+02
4.130000000000000000e+02
4.200000000000000000e+02
4.250000000000000000e+02
4.320000000000000000e+02
4.380000000000000000e+02
4.460000000000000000e+02
4.560000000000000000e+02
4.650000000000000000e+02
4.720000000000000000e+02
