0 2679
2680 3868
3869 5541
5542 6292
6293 7160
7194 8297
8298 9316
9317 10505
10506 11628
11629 12728
12729 14992
14993 16032
16033 17131
17132 18525
18526 19719
19720 20506
20507 21635
21636 23623
23624 24693
24694 25934
25935 27129
27130 28057
28058 29486
29487 30568
30569 32788
32789 34292
34293 35493
35494 36501
36502 38067
38068 38727
38728 40465
40466 42198
42199 43741
43742 44758
44759 45521
45522 46592
46593 47427
47428 49493
49494 50404
50405 51222
51223 52241
52242 54552
54553 56034
56035 56626
56627 57429
57430 58705
58706 59754
59755 60708
60709 62302
62303 63390
63391 63962
63963 64682
64683 65254
65255 68027
68028 69589
69590 70974
70975 73544
