0 2824
2826 4415
4416 5778
5779 6292
6293 7355
7356 8297
8298 9527
9528 10979
10980 12728
12729 14992
14993 16692
16693 17520
17521 18786
18787 19826
19827 20659
20660 21929
21930 24360
24361 25618
25619 27129
27130 28537
28538 29486
29487 30784
30785 32788
32789 33941
33942 34995
34996 35893
35894 37257
37258 38253
38254 39270
39271 40725
40726 42198
42199 43741
43742 44758
44759 45350
45351 46232
46233 46709
46710 48200
48201 49644
49645 50057
50058 50978
50979 52241
52242 54006
54007 55305
55306 56255
56257 57278
57279 58351
58352 59217
59218 60233
60234 61018
61019 62594
62595 63540
63541 64394
64395 65554
65555 68411
68412 69589
69590 70974
70975 73544
