0 2679
2680 4097
4098 5195
5196 5993
5994 6852
6853 8297
8298 9833
9834 11375
11376 12829
12830 15160
15161 16909
16910 17520
17521 18786
18787 19826
19827 20659
20660 21929
21930 24100
24101 24870
24871 26367
26368 27818
27819 29178
29179 30253
30254 31348
31349 33702
33703 34645
34646 35710
35711 36935
36936 37908
37909 38489
38490 39641
39642 40953
40954 42523
42524 43741
43742 44634
44635 45130
45131 46103
46104 46627
46628 47427
47428 49250
49251 49862
49863 50404
50405 51313
51314 52468
52469 54244
54245 55409
55410 56255
56257 57710
57711 59098
59099 60442
60443 62408
62409 63701
63702 64952
64953 67569
67570 68617
68618 69787
69788 70974
70975 73544
