0 2679
2680 4097
4098 5541
5542 6204
6205 7458
7459 8632
8633 9833
9834 11161
11162 12728
12729 14992
14993 16692
16693 17520
17521 18786
18787 19826
19827 20659
20660 21929
21930 24100
24101 25352
25353 26712
26713 27968
27969 29178
29179 30253
30254 31348
31349 33465
33466 34495
34496 35624
35625 36623
36624 38067
38068 38981
38982 40465
40466 41524
41525 42921
42922 44137
44138 44935
44936 45521
45522 46490
46491 46842
46843 48624
48625 49644
49645 50057
50058 51036
51037 52241
52242 53853
53854 55143
55144 56255
56257 57429
57430 58604
58605 59480
59481 60624
60625 62302
62303 63390
63391 64273
64274 65254
65255 68027
68028 69470
69471 70861
70862 73544
