0 2679
2680 3868
3869 4930
4931 5874
5875 6292
6293 7355
7356 8297
8298 9527
9528 10505
10506 11873
11874 13378
13379 16032
16033 16909
16910 17553
17554 18786
18787 19826
19827 20659
20660 21929
21930 24166
24167 25129
25130 26367
26368 27665
27666 29079
29080 29941
29942 31207
31208 33389
33390 34292
34293 35209
35210 36063
36064 37366
37367 38253
38254 38981
38982 40465
40466 41858
41859 43222
43223 44450
44451 44996
44997 45838
45839 46627
46628 47427
47428 48724
48725 49644
49645 50057
50058 51036
51037 52468
52469 54244
54245 55305
55306 56255
56257 57637
57638 59217
59218 60898
60899 63540
63541 65254
65255 68027
68028 69589
69590 70974
70975 73544
