0 2088
2089 3118
3119 4555
4556 5670
5671 6292
6293 7355
7356 8297
8298 9316
9317 10505
10506 11873
11874 13095
13096 15160
15161 16209
16210 17166
17167 18525
18526 19826
19827 20816
20817 22964
22965 24444
24445 25867
25868 27395
27396 29079
29080 30253
30254 31900
31901 33389
33390 34367
34368 35209
35210 35893
35894 36935
36936 37908
37909 38253
38254 39270
39271 40623
40624 42198
42199 43741
43742 44758
44759 45040
45041 46138
46139 46709
46710 48200
48201 49644
49645 50057
50058 51036
51037 52241
52242 53687
53688 54846
54847 56165
56166 57637
57638 59217
59218 61018
61019 63188
63189 64682
64683 67017
67018 68510
68511 69787
69788 71056
71057 73544
