0 649
650 2088
2089 2679
2680 3667
3668 5195
5196 5778
5779 8160
8161 9209
9210 11375
11376 12728
12729 14804
14805 16032
16033 18098
18099 19206
19207 21929
21930 22964
22965 25129
25130 27129
27130 28057
28058 29413
29414 30253
30254 30784
30785 31051
31052 31348
31349 33389
33390 35209
35210 37257
37258 38253
38254 40827
40828 42198
42199 43741
43742 45040
45041 47427
47428 48200
48201 48624
48625 49644
49645 50563
50564 52468
52469 54552
54553 55305
55306 56255
56257 57175
57176 58061
58062 59098
59099 60898
60899 61735
61736 63561
63562 64535
64536 65046
65047 65979
65980 66834
66835 67569
67570 68411
68412 70333
70334 71386
71387 72079
72080 73544
